t (s), T (K), flux (H/m2/s)
2.050000000000000000e+03,3.000000000000009095e+02,9.579380479017748047e+12
2.051000000000000000e+03,3.040000000000013074e+02,1.473477844004428906e+13
2.052000000000000000e+03,3.080000000000006821e+02,2.226566678435981250e+13
2.053000000000000000e+03,3.120000000000009095e+02,3.297225245932092578e+13
2.054000000000000000e+03,3.160000000000001137e+02,4.769374991306379688e+13
2.055000000000000000e+03,3.199999999999998863e+02,6.710379626888928125e+13
2.056000000000000000e+03,3.239999999999998295e+02,9.137911465932370312e+13
2.057000000000000000e+03,3.279999999999992042e+02,1.198054071420567031e+14
2.058000000000000000e+03,3.319999999999984652e+02,1.504952582750885000e+14
2.059000000000000000e+03,3.359999999999989200e+02,1.804532720870935312e+14
2.060000000000000000e+03,3.399999999999994884e+02,2.060701683158917812e+14
2.061000000000000000e+03,3.439999999999986358e+02,2.238875942657708750e+14
2.062000000000000000e+03,3.479999999999986926e+02,2.314672164172161250e+14
2.063000000000000000e+03,3.520000000000016485e+02,2.284733350685219688e+14
2.064000000000000000e+03,3.560000000000018190e+02,2.180513403719530000e+14
2.065000000000000000e+03,3.600000000000011937e+02,2.079357120116522188e+14
2.066000000000000000e+03,3.640000000000011369e+02,2.102265672899467500e+14
2.067000000000000000e+03,3.680000000000010800e+02,2.394584594458164688e+14
2.068000000000000000e+03,3.720000000000009663e+02,3.102497358101874375e+14
2.069000000000000000e+03,3.760000000000007390e+02,4.367865353721854375e+14
2.070000000000000000e+03,3.800000000000003411e+02,6.352296999436136250e+14
2.071000000000000000e+03,3.840000000000007390e+02,9.278727346154348750e+14
2.072000000000000000e+03,3.880000000000002842e+02,1.347085536798613250e+15
2.073000000000000000e+03,3.919999999999996021e+02,1.938277903934381750e+15
2.074000000000000000e+03,3.959999999999987494e+02,2.762366825214037000e+15
2.075000000000000000e+03,3.999999999999979536e+02,3.898213936257768500e+15
2.076000000000000000e+03,4.039999999999981810e+02,5.444718272943618000e+15
2.077000000000000000e+03,4.079999999999986358e+02,7.521507765965792000e+15
2.078000000000000000e+03,4.119999999999972147e+02,1.026665558913877400e+16
2.079000000000000000e+03,4.159999999999979536e+02,1.382955531379981800e+16
2.080000000000000000e+03,4.200000000000009663e+02,1.835729243342366000e+16
2.081000000000000000e+03,4.240000000000009663e+02,2.397403170195425600e+16
2.082000000000000000e+03,4.280000000000008527e+02,3.075552101100886800e+16
2.083000000000000000e+03,4.320000000000003979e+02,3.870415492118283200e+16
2.084000000000000000e+03,4.360000000000002274e+02,4.773345676024787200e+16
2.085000000000000000e+03,4.399999999999996589e+02,5.767160443577816000e+16
2.086000000000000000e+03,4.439999999999992042e+02,6.829113497893621600e+16
2.087000000000000000e+03,4.480000000000007958e+02,7.936539049004020800e+16
2.088000000000000000e+03,4.520000000000011369e+02,9.074223655465881600e+16
2.089000000000000000e+03,4.560000000000001137e+02,1.024137370165116160e+17
2.090000000000000000e+03,4.600000000000007390e+02,1.145522269144494400e+17
2.091000000000000000e+03,4.639999999999993747e+02,1.274885157916070720e+17
2.092000000000000000e+03,4.680000000000005116e+02,1.416334029990990720e+17
2.093000000000000000e+03,4.720000000000000568e+02,1.573785177618070400e+17
2.094000000000000000e+03,4.759999999999991473e+02,1.750280261580504640e+17
2.095000000000000000e+03,4.800000000000030695e+02,1.947900065452679040e+17
2.096000000000000000e+03,4.840000000000023306e+02,2.168136561102519680e+17
2.097000000000000000e+03,4.880000000000024443e+02,2.412345386981134720e+17
2.098000000000000000e+03,4.920000000000012506e+02,2.681988337291944320e+17
2.099000000000000000e+03,4.960000000000023874e+02,2.978592688252832000e+17
2.100000000000000000e+03,5.000000000000009095e+02,3.303485707008666880e+17
2.101000000000000000e+03,5.040000000000015348e+02,3.657383572065445760e+17
2.102000000000000000e+03,5.079999999999993179e+02,4.039904556083858560e+17
2.103000000000000000e+03,5.120000000000000000e+02,4.449090615214259840e+17
2.104000000000000000e+03,5.160000000000007958e+02,4.881052558441407360e+17
2.105000000000000000e+03,5.199999999999984084e+02,5.329856359734806400e+17
2.106000000000000000e+03,5.239999999999992042e+02,5.787704357324903680e+17
2.107000000000000000e+03,5.279999999999978400e+02,6.245352099670846720e+17
2.108000000000000000e+03,5.319999999999985221e+02,6.692608652070462720e+17
2.109000000000000000e+03,5.359999999999971578e+02,7.118757587303340800e+17
2.110000000000000000e+03,5.399999999999971578e+02,7.512809611381848320e+17
2.111000000000000000e+03,5.439999999999962483e+02,7.863602424266410240e+17
2.112000000000000000e+03,5.479999999999997726e+02,8.159838214438499840e+17
2.113000000000000000e+03,5.519999999999987494e+02,8.390166528002374400e+17
2.114000000000000000e+03,5.559999999999984084e+02,8.543391405905324800e+17
2.115000000000000000e+03,5.599999999999995453e+02,8.608836732889212160e+17
2.116000000000000000e+03,5.639999999999980673e+02,8.576868413306076160e+17
2.117000000000000000e+03,5.679999999999986358e+02,8.439555907884326400e+17
2.118000000000000000e+03,5.719999999999970441e+02,8.191453400469132800e+17
2.119000000000000000e+03,5.759999999999974989e+02,7.830479487269916160e+17
2.120000000000000000e+03,5.800000000000025011e+02,7.358860725556318720e+17
2.121000000000000000e+03,5.840000000000023874e+02,6.784069459885009920e+17
2.122000000000000000e+03,5.880000000000022737e+02,6.119626516692111360e+17
2.123000000000000000e+03,5.920000000000025011e+02,5.385559609175150720e+17
2.124000000000000000e+03,5.960000000000009095e+02,4.608228722594876800e+17
2.125000000000000000e+03,6.000000000000018190e+02,3.819193845715850240e+17
2.126000000000000000e+03,6.040000000000022737e+02,3.052875439332193920e+17
2.127000000000000000e+03,6.080000000000026148e+02,2.343011124225683840e+17
2.128000000000000000e+03,6.120000000000032969e+02,1.718350831718538240e+17
2.129000000000000000e+03,6.160000000000013642e+02,1.198531199020316960e+17
2.130000000000000000e+03,6.200000000000017053e+02,7.913543989051432000e+16
2.131000000000000000e+03,6.240000000000018190e+02,4.924759828133554400e+16
2.132000000000000000e+03,6.280000000000003411e+02,2.877243035602870000e+16
2.133000000000000000e+03,6.320000000000002274e+02,1.572680938206523800e+16
2.134000000000000000e+03,6.360000000000007958e+02,8.018566875659662000e+15
2.135000000000000000e+03,6.399999999999997726e+02,3.804430895018838000e+15
2.136000000000000000e+03,6.439999999999994316e+02,1.676423454329350500e+15
2.137000000000000000e+03,6.479999999999996589e+02,6.851020993152966250e+14
2.138000000000000000e+03,6.519999999999977263e+02,2.594098388008892500e+14
2.139000000000000000e+03,6.559999999999984084e+02,9.096172682835751562e+13
2.140000000000000000e+03,6.599999999999980673e+02,2.953561042055443359e+13
2.141000000000000000e+03,6.639999999999969305e+02,8.883913299033082031e+12
2.142000000000000000e+03,6.679999999999979536e+02,2.477182343422720703e+12
2.143000000000000000e+03,6.719999999999978400e+02,6.410296406400495605e+11
2.144000000000000000e+03,6.759999999999986358e+02,1.541554553376423035e+11
2.145000000000000000e+03,6.799999999999989768e+02,3.450540776537869263e+10
2.146000000000000000e+03,6.839999999999985221e+02,7.201284489106966972e+09
2.147000000000000000e+03,6.879999999999972715e+02,1.403789675762304783e+09
2.148000000000000000e+03,6.919999999999965894e+02,2.560565872208915651e+08
2.149000000000000000e+03,6.959999999999973852e+02,4.377817132264874876e+07
2.150000000000000000e+03,6.999999999999960210e+02,7.026985761327222921e+06
