x,t=steady
0.000000000000000000e+00,-9.884436925252276751e+01
1.507537688442211021e-10,5.050649111276846080e+17
3.015075376884422041e-10,1.007345930993135360e+18
4.522613065326632803e-10,1.506540953145482752e+18
6.030150753768844082e-10,2.002327495626761728e+18
7.537688442211055361e-10,2.494363033584472576e+18
9.045226130653265606e-10,2.982285594974130176e+18
1.055276381909547792e-09,3.465714636694591488e+18
1.206030150753768816e-09,3.944252214879968768e+18
1.356783919597989841e-09,4.417484458792204288e+18
1.507537688442211072e-09,4.884983352868915200e+18
1.658291457286432097e-09,5.346308826056417280e+18
1.809045226130653121e-09,5.801011141694357504e+18
1.959798994974874353e-09,6.248633575035239424e+18
2.110552763819095584e-09,6.688715359116065792e+18
2.261306532663316402e-09,7.120794873304322048e+18
2.412060301507537633e-09,7.544413042582290432e+18
2.562814070351758864e-09,7.959116909684207616e+18
2.713567839195979682e-09,8.364463336736301056e+18
2.864321608040200913e-09,8.760022788239766528e+18
3.015075376884422145e-09,9.145383143244155904e+18
3.165829145728642962e-09,9.520153481527859200e+18
3.316582914572864194e-09,9.883967786659125248e+18
3.467336683417085425e-09,1.023648850805216256e+19
3.618090452261306243e-09,1.057740992462655078e+19
3.768844221105527887e-09,1.090646125445635686e+19
3.919597989949748705e-09,1.122340945785472410e+19
4.070351758793969523e-09,1.152806168563874611e+19
4.221105527638191168e-09,1.182026732977824563e+19
4.371859296482411986e-09,1.209991964013709107e+19
4.522613065326632803e-09,1.236695687841818214e+19
4.673366834170854448e-09,1.262136298854776013e+19
4.824120603015075266e-09,1.286316777138137702e+19
4.974874371859296084e-09,1.309244656056718131e+19
5.125628140703517728e-09,1.330931940543540838e+19
5.276381909547738546e-09,1.351394977566751539e+19
5.427135678391959364e-09,1.370654281101094093e+19
5.577889447236181009e-09,1.388734314723291750e+19
5.728643216080401826e-09,1.405663235665769472e+19
5.879396984924622644e-09,1.421472604783669043e+19
6.030150753768844289e-09,1.436197067402239795e+19
6.180904522613065107e-09,1.449874010405070029e+19
6.331658291457285925e-09,1.462543201191427686e+19
6.482412060301507569e-09,1.474246414270059315e+19
6.633165829145728387e-09,1.485027051268188160e+19
6.783919597989949205e-09,1.494929760022076826e+19
6.934673366834170850e-09,1.504000058187515290e+19
7.085427135678391667e-09,1.512283966475151770e+19
7.236180904522612485e-09,1.519827656190295450e+19
7.386934673366834130e-09,1.526677115254344090e+19
7.537688442211055775e-09,1.532877836322240102e+19
7.688442211055276593e-09,1.538474530004273357e+19
7.839195979899497410e-09,1.543510865568845210e+19
7.989949748743718228e-09,1.548029240862479770e+19
8.140703517587939046e-09,1.552070582550706176e+19
8.291457286432159864e-09,1.555674177173347328e+19
8.442211055276382336e-09,1.558877532933410816e+19
8.592964824120603153e-09,1.561716271611453440e+19
8.743718592964823971e-09,1.564224049525953946e+19
8.894472361809044789e-09,1.566432506051646874e+19
9.045226130653265606e-09,1.568371237866350797e+19
9.195979899497486424e-09,1.570067796824710144e+19
9.346733668341708896e-09,1.571547709154641715e+19
9.497487437185929714e-09,1.572834513537026253e+19
9.648241206030150532e-09,1.573949815558146048e+19
9.798994974874371349e-09,1.574913356012254003e+19
9.949748743718592167e-09,1.575743090572687974e+19
1.010050251256281464e-08,1.576455278437250662e+19
1.025125628140703546e-08,1.577064577679691366e+19
1.040201005025125627e-08,1.577584145196764570e+19
1.055276381909547709e-08,1.578025739321784115e+19
1.070351758793969791e-08,1.578399823373652582e+19
1.085427135678391873e-08,1.578715668618367386e+19
1.100502512562814120e-08,1.578981455331561472e+19
1.115577889447236202e-08,1.579204370860457779e+19
1.130653266331658284e-08,1.579390703786891674e+19
1.145728643216080365e-08,1.579545933485924762e+19
1.160804020100502447e-08,1.579674814554014720e+19
1.175879396984924529e-08,1.579781455744428442e+19
1.190954773869346776e-08,1.579869393194078003e+19
1.206030150753768858e-08,1.579941657854411366e+19
1.221105527638190940e-08,1.580000837149279437e+19
1.236180904522613021e-08,1.580049130974823834e+19
1.251256281407035103e-08,1.580088402231624090e+19
1.266331658291457185e-08,1.580120222138117120e+19
1.281407035175879432e-08,1.580145910618454426e+19
1.296482412060301514e-08,1.580166572088635597e+19
1.311557788944723596e-08,1.580183126983783219e+19
1.326633165829145677e-08,1.580196339378269594e+19
1.341708542713567759e-08,1.580206841050762240e+19
1.356783919597989841e-08,1.580215152339566387e+19
1.371859296482412088e-08,1.580221700121520742e+19
1.386934673366834170e-08,1.580226833231190835e+19
1.402010050251256252e-08,1.580230835617730355e+19
1.417085427135678333e-08,1.580233937515199898e+19
1.432160804020100415e-08,1.580236324879568896e+19
1.447236180904522497e-08,1.580238147322577101e+19
1.462311557788944744e-08,1.580239524749842432e+19
1.477386934673366826e-08,1.580240552888442061e+19
1.492462311557788908e-08,1.580241307868145459e+19
1.507537688442211155e-08,1.580241850000652902e+19
1.522613065326633071e-08,1.580242226882861875e+19
1.537688442211055319e-08,1.580242475933445530e+19
1.552763819095477235e-08,1.580242626456837939e+19
1.567839195979899482e-08,1.580242701315130163e+19
1.582914572864321729e-08,1.580242718276314522e+19
1.597989949748743646e-08,1.580242691096735539e+19
1.613065326633165893e-08,1.580242630386308710e+19
1.628140703517587809e-08,1.580242544297089638e+19
1.643216080402010056e-08,1.580242439068877414e+19
1.658291457286431973e-08,1.580242319459671859e+19
1.673366834170854220e-08,1.580242189083819622e+19
1.688442211055276467e-08,1.580242050676523827e+19
1.703517587939698383e-08,1.580241906299858739e+19
1.718592964824120631e-08,1.580241757502555546e+19
1.733668341708542547e-08,1.580241605443409920e+19
1.748743718592964794e-08,1.580241450986189005e+19
1.763819095477387041e-08,1.580241294772325376e+19
1.778894472361808958e-08,1.580241137276350669e+19
1.793969849246231205e-08,1.580240978848004301e+19
1.809045226130653121e-08,1.580240819744079667e+19
1.824120603015075368e-08,1.580240660152428954e+19
1.839195979899497285e-08,1.580240500209941709e+19
1.854271356783919532e-08,1.580240340016005734e+19
1.869346733668341779e-08,1.580240179642510131e+19
1.884422110552763696e-08,1.580240019141254554e+19
1.899497487437185943e-08,1.580239858549429043e+19
1.914572864321607859e-08,1.580239697893630566e+19
1.929648241206030106e-08,1.580239537192812544e+19
1.944723618090452354e-08,1.580239376460427059e+19
1.959798994974874270e-08,1.580239215705990963e+19
1.974874371859296517e-08,1.580239054936206131e+19
1.989949748743718433e-08,1.580238894155782554e+19
2.005025125628140681e-08,1.580238733368009728e+19
2.020100502512562928e-08,1.580238572575181210e+19
2.035175879396984844e-08,1.580238411778889318e+19
2.050251256281407091e-08,1.580238250980234854e+19
2.065326633165829008e-08,1.580238090179976192e+19
2.080402010050251255e-08,1.580237929378632704e+19
2.095477386934673171e-08,1.580237768576561971e+19
2.110552763819095418e-08,1.580237607774006682e+19
2.125628140703517666e-08,1.580237446971130470e+19
2.140703517587939582e-08,1.580237286168045978e+19
2.155778894472361829e-08,1.580237125364827955e+19
2.170854271356783746e-08,1.580236964561525350e+19
2.185929648241205993e-08,1.580236803758174413e+19
2.201005025125628240e-08,1.580236642954794189e+19
2.216080402010050156e-08,1.580236482151402906e+19
2.231155778894472404e-08,1.580236321348009370e+19
2.246231155778894320e-08,1.580236160544619930e+19
2.261306532663316567e-08,1.580235999741238682e+19
2.276381909547738483e-08,1.580235838937869312e+19
2.291457286432160731e-08,1.580235678134510797e+19
2.306532663316582978e-08,1.580235517331168256e+19
2.321608040201004894e-08,1.580235356527840256e+19
2.336683417085427141e-08,1.580235195724528230e+19
2.351758793969849058e-08,1.580235034921230746e+19
2.366834170854271305e-08,1.580234874117949645e+19
2.381909547738693552e-08,1.580234713314684723e+19
2.396984924623115468e-08,1.580234552511435981e+19
2.412060301507537716e-08,1.580234391708203622e+19
2.427135678391959632e-08,1.580234230904987853e+19
2.442211055276381879e-08,1.580234070101786010e+19
2.457286432160804126e-08,1.580233909298603008e+19
2.472361809045226043e-08,1.580233748495435571e+19
2.487437185929648290e-08,1.580233587692284723e+19
2.502512562814070206e-08,1.580233426889149235e+19
2.517587939698492453e-08,1.580233266086032589e+19
2.532663316582914370e-08,1.580233105282928845e+19
2.547738693467336617e-08,1.580232944479843738e+19
2.562814070351758864e-08,1.580232783676773581e+19
2.577889447236180781e-08,1.580232622873719808e+19
2.592964824120603028e-08,1.580232462070683853e+19
2.608040201005024944e-08,1.580232301267663053e+19
2.623115577889447191e-08,1.580232140464659456e+19
2.638190954773869439e-08,1.580231979661672858e+19
2.653266331658291355e-08,1.580231818858700595e+19
2.668341708542713602e-08,1.580231658055743488e+19
2.683417085427135518e-08,1.580231497252804608e+19
2.698492462311557766e-08,1.580231336449881293e+19
2.713567839195979682e-08,1.580231175646975181e+19
2.728643216080401929e-08,1.580231014844085453e+19
2.743718592964824176e-08,1.580230854041211494e+19
2.758793969849246093e-08,1.580230693238353715e+19
2.773869346733668340e-08,1.580230532435513139e+19
2.788944723618090256e-08,1.580230371632688128e+19
2.804020100502512503e-08,1.580230210829880320e+19
2.819095477386934751e-08,1.580230050027089715e+19
2.834170854271356667e-08,1.580229889224315494e+19
2.849246231155778914e-08,1.580229728421558682e+19
2.864321608040200831e-08,1.580229567618816614e+19
2.879396984924623078e-08,1.580229406816091750e+19
2.894472361809044994e-08,1.580229246013381018e+19
2.909547738693467241e-08,1.580229085210687898e+19
2.924623115577889488e-08,1.580228924408011776e+19
2.939698492462311405e-08,1.580228763605352038e+19
2.954773869346733652e-08,1.580228602802708070e+19
2.969849246231155568e-08,1.580228442000080691e+19
2.984924623115577816e-08,1.580228281197469901e+19
2.999999999999999732e-08,1.580228120394875290e+19
3.993311036789297767e-08,1.580217525207100006e+19
4.986622073578595140e-08,1.580206930090366157e+19
5.979933110367892513e-08,1.580196335044668416e+19
6.973244147157189886e-08,1.580185740070008832e+19
7.966555183946487259e-08,1.580175145166389862e+19
8.959866220735785956e-08,1.580164550333803520e+19
9.953177257525084652e-08,1.580153955572255130e+19
1.094648829431438203e-07,1.580143360881742029e+19
1.193979933110367940e-07,1.580132766262264218e+19
1.293311036789297677e-07,1.580122171713821696e+19
1.392642140468227414e-07,1.580111577236412826e+19
1.491973244147157152e-07,1.580100982830041293e+19
1.591304347826087154e-07,1.580090388494699725e+19
1.690635451505016891e-07,1.580079794230393242e+19
1.789966555183946628e-07,1.580069200037120000e+19
1.889297658862876366e-07,1.580058605914877338e+19
1.988628762541806103e-07,1.580048011863666483e+19
2.087959866220735840e-07,1.580037417883489280e+19
2.187290969899665578e-07,1.580026823974340198e+19
2.286622073578595315e-07,1.580016230136222720e+19
2.385953177257525317e-07,1.580005636369135616e+19
2.485284280936455054e-07,1.579995042673076224e+19
2.584615384615384792e-07,1.579984449048046592e+19
2.683946488294314529e-07,1.579973855494045696e+19
2.783277591973244266e-07,1.579963262011071078e+19
2.882608695652174004e-07,1.579952668599123149e+19
2.981939799331103741e-07,1.579942075258203955e+19
3.081270903010033478e-07,1.579931481988310016e+19
3.180602006688963216e-07,1.579920888789442150e+19
3.279933110367892953e-07,1.579910295661598106e+19
3.379264214046822690e-07,1.579899702604781773e+19
3.478595317725752427e-07,1.579889109618987008e+19
3.577926421404682165e-07,1.579878516704218112e+19
3.677257525083611902e-07,1.579867923860473242e+19
3.776588628762541639e-07,1.579857331087750758e+19
3.875919732441471377e-07,1.579846738386050867e+19
3.975250836120401114e-07,1.579836145755373978e+19
4.074581939799330851e-07,1.579825553195717018e+19
4.173913043478260589e-07,1.579814960707081421e+19
4.273244147157190326e-07,1.579804368289464730e+19
4.372575250836120593e-07,1.579793775942872474e+19
4.471906354515050330e-07,1.579783183667296461e+19
4.571237458193980067e-07,1.579772591462741197e+19
4.670568561872909805e-07,1.579761999329204634e+19
4.769899665551840071e-07,1.579751407266685952e+19
4.869230769230769279e-07,1.579740815275184538e+19
4.968561872909699546e-07,1.579730223354701414e+19
5.067892976588628754e-07,1.579719631505235354e+19
5.167224080267559021e-07,1.579709039726783898e+19
5.266555183946489287e-07,1.579698448019350118e+19
5.365886287625418495e-07,1.579687856382929715e+19
5.465217391304348762e-07,1.579677264817524122e+19
5.564548494983277970e-07,1.579666673323134976e+19
5.663879598662208236e-07,1.579656081899758797e+19
5.763210702341137444e-07,1.579645490547395174e+19
5.862541806020067711e-07,1.579634899266046362e+19
5.961872909698996919e-07,1.579624308055710106e+19
6.061204013377927186e-07,1.579613716916385382e+19
6.160535117056856394e-07,1.579603125848071168e+19
6.259866220735786660e-07,1.579592534850769920e+19
6.359197324414715868e-07,1.579581943924477542e+19
6.458528428093646135e-07,1.579571353069195878e+19
6.557859531772575343e-07,1.579560762284925542e+19
6.657190635451505610e-07,1.579550171571663258e+19
6.756521739130435876e-07,1.579539580929409024e+19
6.855852842809365084e-07,1.579528990358165094e+19
6.955183946488295351e-07,1.579518399857927987e+19
7.054515050167224559e-07,1.579507809428696883e+19
7.153846153846154826e-07,1.579497219070475264e+19
7.253177257525084033e-07,1.579486628783257805e+19
7.352508361204014300e-07,1.579476038567046144e+19
7.451839464882943508e-07,1.579465448421841101e+19
7.551170568561873775e-07,1.579454858347641651e+19
7.650501672240802983e-07,1.579444268344446771e+19
7.749832775919733249e-07,1.579433678412254618e+19
7.849163879598662457e-07,1.579423088551069082e+19
7.948494983277592724e-07,1.579412498760883610e+19
8.047826086956521932e-07,1.579401909041701274e+19
8.147157190635452199e-07,1.579391319393521254e+19
8.246488294314381407e-07,1.579380729816342118e+19
8.345819397993311673e-07,1.579370140310164070e+19
8.445150501672241940e-07,1.579359550874988134e+19
8.544481605351171148e-07,1.579348961510810419e+19
8.643812709030101415e-07,1.579338372217632358e+19
8.743143812709030623e-07,1.579327782995454362e+19
8.842474916387960889e-07,1.579317193844274790e+19
8.941806020066890097e-07,1.579306604764090982e+19
9.041137123745820364e-07,1.579296015754906624e+19
9.140468227424749572e-07,1.579285426816719872e+19
9.239799331103679839e-07,1.579274837949529293e+19
9.339130434782609046e-07,1.579264249153335501e+19
9.438461538461539313e-07,1.579253660428138291e+19
9.537792642140467462e-07,1.579243071773934387e+19
9.637123745819397729e-07,1.579232483190724608e+19
9.736454849498327996e-07,1.579221894678512640e+19
9.835785953177258262e-07,1.579211306237289882e+19
9.935117056856186411e-07,1.579200717867062682e+19
1.003444816053511668e-06,1.579190129567830630e+19
1.013377926421404694e-06,1.579179541339588403e+19
1.023311036789297721e-06,1.579168953182338048e+19
1.033244147157190536e-06,1.579158365096080179e+19
1.043177257525083563e-06,1.579147777080813978e+19
1.053110367892976589e-06,1.579137189136537600e+19
1.063043478260869616e-06,1.579126601263251046e+19
1.072976588628762431e-06,1.579116013460955341e+19
1.082909698996655458e-06,1.579105425729648435e+19
1.092842809364548484e-06,1.579094838069328691e+19
1.102775919732441511e-06,1.579084250480000205e+19
1.112709030100334326e-06,1.579073662961657242e+19
1.122642140468227353e-06,1.579063075514301235e+19
1.132575250836120379e-06,1.579052488137933824e+19
1.142508361204013406e-06,1.579041900832550298e+19
1.152441471571906433e-06,1.579031313598154957e+19
1.162374581939799248e-06,1.579020726434744320e+19
1.172307692307692274e-06,1.579010139342317978e+19
1.182240802675585301e-06,1.578999552320875315e+19
1.192173913043478328e-06,1.578988965370418381e+19
1.202107023411371142e-06,1.578978378490944307e+19
1.212040133779264169e-06,1.578967791682453299e+19
1.221973244147157196e-06,1.578957204944944538e+19
1.231906354515050222e-06,1.578946618278419046e+19
1.241839464882943037e-06,1.578936031682873344e+19
1.251772575250836064e-06,1.578925445158309888e+19
1.261705685618729091e-06,1.578914858704727040e+19
1.271638795986622117e-06,1.578904272322123571e+19
1.281571906354514932e-06,1.578893686010500915e+19
1.291505016722407959e-06,1.578883099769857229e+19
1.301438127090300986e-06,1.578872513600192512e+19
1.311371237458194012e-06,1.578861927501505741e+19
1.321304347826087039e-06,1.578851341473797734e+19
1.331237458193979854e-06,1.578840755517065830e+19
1.341170568561872881e-06,1.578830169631310029e+19
1.351103678929765907e-06,1.578819583816530739e+19
1.361036789297658934e-06,1.578808998072730214e+19
1.370969899665551749e-06,1.578798412399901696e+19
1.380903010033444775e-06,1.578787826798048870e+19
1.390836120401337802e-06,1.578777241267171123e+19
1.400769230769230829e-06,1.578766655807265792e+19
1.410702341137123644e-06,1.578756070418334515e+19
1.420635451505016670e-06,1.578745485100377907e+19
1.430568561872909697e-06,1.578734899853392077e+19
1.440501672240802724e-06,1.578724314677377843e+19
1.450434782608695539e-06,1.578713729572336435e+19
1.460367892976588565e-06,1.578703144538266010e+19
1.470301003344481592e-06,1.578692559575165542e+19
1.480234113712374619e-06,1.578681974683037901e+19
1.490167224080267645e-06,1.578671389861876736e+19
1.500100334448160460e-06,1.578660805111686349e+19
1.510033444816053487e-06,1.578650220432463667e+19
1.519966555183946514e-06,1.578639635824211968e+19
1.529899665551839540e-06,1.578629051286926131e+19
1.539832775919732355e-06,1.578618466820607181e+19
1.549765886287625382e-06,1.578607882425257984e+19
1.559698996655518409e-06,1.578597298100871987e+19
1.569632107023411435e-06,1.578586713847454106e+19
1.579565217391304250e-06,1.578576129665001062e+19
1.589498327759197277e-06,1.578565545553512653e+19
1.599431438127090303e-06,1.578554961512987648e+19
1.609364548494983330e-06,1.578544377543429530e+19
1.619297658862876145e-06,1.578533793644832563e+19
1.629230769230769172e-06,1.578523209817198387e+19
1.639163879598662198e-06,1.578512626060529050e+19
1.649096989966555225e-06,1.578502042374818202e+19
1.659030100334448252e-06,1.578491458760069530e+19
1.668963210702341067e-06,1.578480875216282214e+19
1.678896321070234093e-06,1.578470291743457894e+19
1.688829431438127120e-06,1.578459708341591654e+19
1.698762541806020147e-06,1.578449125010685747e+19
1.708695652173912962e-06,1.578438541750740582e+19
1.718628762541805988e-06,1.578427958561751450e+19
1.728561872909699015e-06,1.578417375443722035e+19
1.738494983277592042e-06,1.578406792396651520e+19
1.748428093645484856e-06,1.578396209420537037e+19
1.758361204013377883e-06,1.578385626515379814e+19
1.768294314381270910e-06,1.578375043681178624e+19
1.778227424749163936e-06,1.578364460917933466e+19
1.788160535117056963e-06,1.578353878225642496e+19
1.798093645484949778e-06,1.578343295604307354e+19
1.808026755852842805e-06,1.578332713053928243e+19
1.817959866220735831e-06,1.578322130574502502e+19
1.827892976588628858e-06,1.578311548166029107e+19
1.837826086956521673e-06,1.578300965828511744e+19
1.847759197324414700e-06,1.578290383561945702e+19
1.857692307692307726e-06,1.578279801366331802e+19
1.867625418060200753e-06,1.578269219241670451e+19
1.877558528428093568e-06,1.578258637187958579e+19
1.887491638795986595e-06,1.578248055205198234e+19
1.897424749163879621e-06,1.578237473293389619e+19
1.907357859531772648e-06,1.578226891452529050e+19
1.917290969899665463e-06,1.578216309682618163e+19
1.927224080267558701e-06,1.578205727983656960e+19
1.937157190635451516e-06,1.578195146355641958e+19
1.947090301003344755e-06,1.578184564798576230e+19
1.957023411371237570e-06,1.578173983312456704e+19
1.966956521739130808e-06,1.578163401897286246e+19
1.976889632107023623e-06,1.578152820553059533e+19
1.986822742474916438e-06,1.578142239279780864e+19
1.996755852842809676e-06,1.578131658077447987e+19
2.006688963210702491e-06,1.578121076946060083e+19
2.016622073578595730e-06,1.578110495885614490e+19
2.026555183946488544e-06,1.578099914896114483e+19
2.036488294314381359e-06,1.578089333977557606e+19
2.046421404682274598e-06,1.578078753129942426e+19
2.056354515050167413e-06,1.578068172353272627e+19
2.066287625418060228e-06,1.578057591647543501e+19
2.076220735785953466e-06,1.578047011012755661e+19
2.086153846153846281e-06,1.578036430448909517e+19
2.096086956521739519e-06,1.578025849956003635e+19
2.106020066889632334e-06,1.578015269534037811e+19
2.115953177257525149e-06,1.578004689183011226e+19
2.125886287625418388e-06,1.577994108902925107e+19
2.135819397993311203e-06,1.577983528693776589e+19
2.145752508361204441e-06,1.577972948555565875e+19
2.155685618729097256e-06,1.577962368488294400e+19
2.165618729096990071e-06,1.577951788491958477e+19
2.175551839464883309e-06,1.577941208566559130e+19
2.185484949832776124e-06,1.577930628712098202e+19
2.195418060200668939e-06,1.577920048928570982e+19
2.205351170568562178e-06,1.577909469215980544e+19
2.215284280936454992e-06,1.577898889574325248e+19
2.225217391304348231e-06,1.577888310003604480e+19
2.235150501672241046e-06,1.577877730503816192e+19
2.245083612040133861e-06,1.577867151074963251e+19
2.255016722408027099e-06,1.577856571717042381e+19
2.264949832775919914e-06,1.577845992430053581e+19
2.274882943143813152e-06,1.577835413213997466e+19
2.284816053511705967e-06,1.577824834068874035e+19
2.294749163879598782e-06,1.577814254994680422e+19
2.304682274247492021e-06,1.577803675991417242e+19
2.314615384615384836e-06,1.577793097059085107e+19
2.324548494983277651e-06,1.577782518197682790e+19
2.334481605351170889e-06,1.577771939407207834e+19
2.344414715719063704e-06,1.577761360687665766e+19
2.354347826086956942e-06,1.577750782039049216e+19
2.364280936454849757e-06,1.577740203461360640e+19
2.374214046822742572e-06,1.577729624954602291e+19
2.384147157190635811e-06,1.577719046518768230e+19
2.394080267558528625e-06,1.577708468153860506e+19
2.404013377926421440e-06,1.577697889859879936e+19
2.413946488294314679e-06,1.577687311636823245e+19
2.423879598662207494e-06,1.577676733484691866e+19
2.433812709030100732e-06,1.577666155403485594e+19
2.443745819397993547e-06,1.577655577393203814e+19
2.453678929765886362e-06,1.577644999453846528e+19
2.463612040133779600e-06,1.577634421585409638e+19
2.473545150501672415e-06,1.577623843787900723e+19
2.483478260869565654e-06,1.577613266061310771e+19
2.493411371237458469e-06,1.577602688405642650e+19
2.503344481605351284e-06,1.577592110820897382e+19
2.513277591973244522e-06,1.577581533307072307e+19
2.523210702341137337e-06,1.577570955864164966e+19
2.533143812709030152e-06,1.577560378492180480e+19
2.543076923076923390e-06,1.577549801191113114e+19
2.553010033444816205e-06,1.577539223960964710e+19
2.562943143812709444e-06,1.577528646801734246e+19
2.572876254180602259e-06,1.577518069713423565e+19
2.582809364548495073e-06,1.577507492696028570e+19
2.592742474916388312e-06,1.577496915749549875e+19
2.602675585284281127e-06,1.577486338873990963e+19
2.612608695652174365e-06,1.577475762069344870e+19
2.622541806020067180e-06,1.577465185335614874e+19
2.632474916387959995e-06,1.577454608672800768e+19
2.642408026755853233e-06,1.577444032080900915e+19
2.652341137123746048e-06,1.577433455559915110e+19
2.662274247491638863e-06,1.577422879109843354e+19
2.672207357859532102e-06,1.577412302730683802e+19
2.682140468227424917e-06,1.577401726422436045e+19
2.692073578595318155e-06,1.577391150185102746e+19
2.702006688963210970e-06,1.577380574018680013e+19
2.711939799331103785e-06,1.577369997923166413e+19
2.721872909698997023e-06,1.577359421898565018e+19
2.731806020066889838e-06,1.577348845944875827e+19
2.741739130434783077e-06,1.577338270062093517e+19
2.751672240802675892e-06,1.577327694250221773e+19
2.761605351170568706e-06,1.577317118509260186e+19
2.771538461538461945e-06,1.577306542839204659e+19
2.781471571906354760e-06,1.577295967240058266e+19
2.791404682274247575e-06,1.577285391711819981e+19
2.801337792642140813e-06,1.577274816254486528e+19
2.811270903010033628e-06,1.577264240868060570e+19
2.821204013377926866e-06,1.577253665552541696e+19
2.831137123745819681e-06,1.577243090307927450e+19
2.841070234113712496e-06,1.577232515134218240e+19
2.851003344481605735e-06,1.577221940031415910e+19
2.860936454849498550e-06,1.577211364999515546e+19
2.870869565217391365e-06,1.577200790038518784e+19
2.880802675585284603e-06,1.577190215148426445e+19
2.890735785953177418e-06,1.577179640329236070e+19
2.900668896321070656e-06,1.577169065580948275e+19
2.910602006688963471e-06,1.577158490903560602e+19
2.920535117056856286e-06,1.577147916297076326e+19
2.930468227424749525e-06,1.577137341761490125e+19
2.940401337792642339e-06,1.577126767296805274e+19
2.950334448160535578e-06,1.577116192903021978e+19
2.960267558528428393e-06,1.577105618580135936e+19
2.970200668896321208e-06,1.577095044328149402e+19
2.980133779264214446e-06,1.577084470147063603e+19
2.990066889632107261e-06,1.577073896036872602e+19
3.000000000000000076e-06,1.577063321997580698e+19
3.313567839195979536e-05,1.545305514532067942e+19
6.327135678391959911e-05,1.514187214984819917e+19
9.340703517587938931e-05,1.483695545558623846e+19
1.235427135678391795e-04,1.453817887774908006e+19
1.536783919597989833e-04,1.424541877251820749e+19
1.838140703517587599e-04,1.395855398587497677e+19
2.139497487437185637e-04,1.367746580346330931e+19
2.440854271356783674e-04,1.340203790146208563e+19
2.742211055276381712e-04,1.313215629844690330e+19
3.043567839195980020e-04,1.286770930822104678e+19
3.344924623115577787e-04,1.260858749359626650e+19
3.646281407035175553e-04,1.235468362110437786e+19
3.947638190954773862e-04,1.210589261662077133e+19
4.248994974874371628e-04,1.186211152188135834e+19
4.550351758793969937e-04,1.162323945187536486e+19
4.851708542713567703e-04,1.138917755309590938e+19
5.153065326633165470e-04,1.115982896263126221e+19
5.454422110552762694e-04,1.093509876808001741e+19
5.755778894472361002e-04,1.071489396827318886e+19
6.057135678391959311e-04,1.049912343478745498e+19
6.358492462311556535e-04,1.028769787423323750e+19
6.659849246231154844e-04,1.008052979130217267e+19
6.961206030150753152e-04,9.877533452558716928e+18
7.262562814070350377e-04,9.678624850960852992e+18
7.563919597989948685e-04,9.483721671095085056e+18
7.865276381909546994e-04,9.292743255111667712e+18
8.166633165829145303e-04,9.105610569345590272e+18
8.467989949748742527e-04,8.922246171609737216e+18
8.769346733668340835e-04,8.742574179146667008e+18
9.070703517587939144e-04,8.566520237225646080e+18
9.372060301507536368e-04,8.394011488372016128e+18
9.673417085427134677e-04,8.224976542216192000e+18
9.974773869346731901e-04,8.059345445949697024e+18
1.027613065326633129e-03,7.897049655376111616e+18
1.057748743718592852e-03,7.738022006544941056e+18
1.087884422110552574e-03,7.582196687956595712e+18
1.118020100502512514e-03,7.429509213327012864e+18
1.148155778894472236e-03,7.279896394900763648e+18
1.178291457286431958e-03,7.133296317301322752e+18
1.208427135678391898e-03,6.989648311908031488e+18
1.238562814070351620e-03,6.848892931748814848e+18
1.268698492462311343e-03,6.710971926898510848e+18
1.298834170854271282e-03,6.575828220372463616e+18
1.328969849246231004e-03,6.443405884505519104e+18
1.359105527638190727e-03,6.313650117806563328e+18
1.389241206030150666e-03,6.186507222279036928e+18
1.419376884422110388e-03,6.061924581198110720e+18
1.449512562814070111e-03,5.939850637335184384e+18
1.479648241206030050e-03,5.820234871620850688e+18
1.509783919597989773e-03,5.703027782237350912e+18
1.539919597989949712e-03,5.588180864131958784e+18
1.570055276381909434e-03,5.475646588942790656e+18
1.600190954773869157e-03,5.365378385328678912e+18
1.630326633165829096e-03,5.257330619695028224e+18
1.660462311557788818e-03,5.151458577307670528e+18
1.690597989949748541e-03,5.047718443786805248e+18
1.720733668341708480e-03,4.946067286973494272e+18
1.750869346733668203e-03,4.846463039161123840e+18
1.781005025125627925e-03,4.748864479684419584e+18
1.811140703517587864e-03,4.653231217858979840e+18
1.841276381909547587e-03,4.559523676264036352e+18
1.871412060301507309e-03,4.467703074361670144e+18
1.901547738693467248e-03,4.377731412445660672e+18
1.931683417085426971e-03,4.289571455913272832e+18
1.961819095477386910e-03,4.203186719853479936e+18
1.991954773869346416e-03,4.118541453945292800e+18
2.022090452261306355e-03,4.035600627659822592e+18
2.052226130653266294e-03,3.954329915760024064e+18
2.082361809045225800e-03,3.874695684092093952e+18
2.112497487437185739e-03,3.796664975662551040e+18
2.142633165829145678e-03,3.720205496995348480e+18
2.172768844221105184e-03,3.645285604763239936e+18
2.202904522613065123e-03,3.571874292687865344e+18
2.233040201005025063e-03,3.499941178703191552e+18
2.263175879396984568e-03,3.429456492376878592e+18
2.293311557788944507e-03,3.360391062584339456e+18
2.323447236180904447e-03,3.292716305430471680e+18
2.353582914572863952e-03,3.226404212413904384e+18
2.383718592964823892e-03,3.161427338828859392e+18
2.413854271356783831e-03,3.097758792399873536e+18
2.443989949748743336e-03,3.035372222144525312e+18
2.474125628140703276e-03,2.974241807459558400e+18
2.504261306532663215e-03,2.914342247425862656e+18
2.534396984924622721e-03,2.855648750327807488e+18
2.564532663316582660e-03,2.798137023382514688e+18
2.594668341708542599e-03,2.741783262674800128e+18
2.624804020100502105e-03,2.686564143293532160e+18
2.654939698492462044e-03,2.632456809665231360e+18
2.685075376884421983e-03,2.579438866080874496e+18
2.715211055276381489e-03,2.527488367411844096e+18
2.745346733668341428e-03,2.476583810011124736e+18
2.775482412060301367e-03,2.426704122795864576e+18
2.805618090452260873e-03,2.377828658507480064e+18
2.835753768844220812e-03,2.329937185145577984e+18
2.865889447236180752e-03,2.283009877572016896e+18
2.896025125628140257e-03,2.237027309281456640e+18
2.926160804020100197e-03,2.191970444334847744e+18
2.956296482412060136e-03,2.147820629452337664e+18
2.986432160804020075e-03,2.104559586262097152e+18
3.016567839195979581e-03,2.062169403701681664e+18
3.046703517587939520e-03,2.020632530568483328e+18
3.076839195979899459e-03,1.979931768215971840e+18
3.106974874371858965e-03,1.940050263392401152e+18
3.137110552763818904e-03,1.900971501218641664e+18
3.167246231155778843e-03,1.862679298301944832e+18
3.197381909547738349e-03,1.825157795982348800e+18
3.227517587939698288e-03,1.788391453708487168e+18
3.257653266331658228e-03,1.752365042539598848e+18
3.287788944723617733e-03,1.717063638770502656e+18
3.317924623115577672e-03,1.682472617676262144e+18
3.348060301507537612e-03,1.648577647373366528e+18
3.378195979899497117e-03,1.615364682794068736e+18
3.408331658291457057e-03,1.582819959770601216e+18
3.438467336683416996e-03,1.550929989225932544e+18
3.468603015075376501e-03,1.519681551467595776e+18
3.498738693467336441e-03,1.489061690581103872e+18
3.528874371859296380e-03,1.459057708919410944e+18
3.559010050251255886e-03,1.429657161684647424e+18
3.589145728643215825e-03,1.400847851598357760e+18
3.619281407035175764e-03,1.372617823656237824e+18
3.649417085427135270e-03,1.344955359963219200e+18
3.679552763819095209e-03,1.317848974644510720e+18
3.709688442211055148e-03,1.291287408828019968e+18
3.739824120603014654e-03,1.265259625693202176e+18
3.769959798994974593e-03,1.239754805581158656e+18
3.800095477386934532e-03,1.214762341160338432e+18
3.830231155778894038e-03,1.190271832641818112e+18
3.860366834170853977e-03,1.166273083037584640e+18
3.890502512562813917e-03,1.142756093454704896e+18
3.920638190954774289e-03,1.119711058417544704e+18
3.950773869346733795e-03,1.097128361209463296e+18
3.980909547738693301e-03,1.074998569224478848e+18
4.011045226130653674e-03,1.053312429318384512e+18
4.041180904522613179e-03,1.032060863147602048e+18
4.071316582914572685e-03,1.011234962482641280e+18
4.101452261306533058e-03,9.908259844814725120e+17
4.131587939698492563e-03,9.708253469062493440e+17
4.161723618090452069e-03,9.512246232646352640e+17
4.191859296482412442e-03,9.320155378545562880e+17
4.221994974874371948e-03,9.131899606882182400e+17
4.252130653266331453e-03,8.947399022678990080e+17
4.282266331658291826e-03,8.766575081820586240e+17
4.312402010050251332e-03,8.589350534857061120e+17
4.342537688442210837e-03,8.415649368235604480e+17
4.372673366834171210e-03,8.245396742482556160e+17
4.402809045226130716e-03,8.078518926784033280e+17
4.432944723618090221e-03,7.914943229326095360e+17
4.463080402010050594e-03,7.754597922653143040e+17
4.493216080402010100e-03,7.597412163181601280e+17
4.523351758793969606e-03,7.443315903863092480e+17
4.553487437185929979e-03,7.292239798821451520e+17
4.583623115577889484e-03,7.144115098586492160e+17
4.613758793969848990e-03,6.998873534307683840e+17
4.643894472361809363e-03,6.856447189045354240e+17
4.674030150753768868e-03,6.716768353895124480e+17
4.704165829145728374e-03,6.579769366292721920e+17
4.734301507537688747e-03,6.445382427355074560e+17
4.764437185929648252e-03,6.313539394522885120e+17
4.794572864321607758e-03,6.184171545057105920e+17
4.824708542713568131e-03,6.057209305080157440e+17
4.854844221105527637e-03,5.932581937807509760e+17
4.884979899497487142e-03,5.810217183345310720e+17
4.915115577889447515e-03,5.690040840881345920e+17
4.945251256281407021e-03,5.571976282204411520e+17
4.975386934673366526e-03,5.455943883167320960e+17
5.005522613065326899e-03,5.341860356857431040e+17
5.035658291457286405e-03,5.229637968722381440e+17
5.065793969849245910e-03,5.119183609549998080e+17
5.095929648241206283e-03,5.010397696806027520e+17
5.126065326633165789e-03,4.903172868117348480e+17
5.156201005025125295e-03,4.797392422301128320e+17
5.186336683417085668e-03,4.692928452830128000e+17
5.216472361809045173e-03,4.589639605407413120e+17
5.246608040201004679e-03,4.487368374642872320e+17
5.276743718592965052e-03,4.385937833693893120e+17
5.306879396984924557e-03,4.285147663863630720e+17
5.337015075376884063e-03,4.184769316850517120e+17
5.367150753768844436e-03,4.084540098379741440e+17
5.397286432160803941e-03,3.984155905364775680e+17
5.427422110552763447e-03,3.883262275610347520e+17
5.457557788944723820e-03,3.781443314117574400e+17
5.487693467336683326e-03,3.678207936220446720e+17
5.517829145728642831e-03,3.572972705529264000e+17
5.547964824120603204e-03,3.465040331031898880e+17
5.578100502512562710e-03,3.353572605041068160e+17
5.608236180904522215e-03,3.237556187738385280e+17
5.638371859296482588e-03,3.115759141418080640e+17
5.668507537688442094e-03,2.986675441776468480e+17
5.698643216080401599e-03,2.848453779956179520e+17
5.728778894472361972e-03,2.698805726551067840e+17
5.758914572864321478e-03,2.534886628779448000e+17
5.789050251256280984e-03,2.353140271480723200e+17
5.819185929648241357e-03,2.149095089172434240e+17
5.849321608040200862e-03,1.917095191566098560e+17
5.879457286432161235e-03,1.649943108344454720e+17
5.909592964824120741e-03,1.338422164463582560e+17
5.939728643216080246e-03,9.706535744304539200e+16
5.969864321608040619e-03,5.312249209707788000e+16
6.000000000000000125e-03,-8.101381419876682699e+00
