x,t=steady
0.000000000000000000e+00,-4.942218462626138376e+01
1.507537688442211021e-10,5.050649365864301440e+17
3.015075376884422041e-10,1.007346033163780224e+18
4.522613065326632803e-10,1.506541182982522368e+18
6.030150753768844082e-10,2.002327903754259200e+18
7.537688442211055361e-10,2.494363670262219776e+18
9.045226130653265606e-10,2.982286510061801472e+18
1.055276381909547792e-09,3.465715879613974016e+18
1.206030150753768816e-09,3.944253834575345152e+18
1.356783919597989841e-09,4.417486503689045504e+18
1.507537688442211072e-09,4.884985870831059968e+18
1.658291457286432097e-09,5.346311864341880832e+18
1.809045226130653121e-09,5.801014746910086144e+18
1.959798994974874353e-09,6.248637793090972672e+18
2.110552763819095584e-09,6.688720235177653248e+18
2.261306532663316402e-09,7.120800451746808832e+18
2.412060301507537633e-09,7.544419366943057920e+18
2.562814070351758864e-09,7.959124022616578048e+18
2.713567839195979682e-09,8.364471279963941888e+18
2.864321608040200913e-09,8.760031602512285696e+18
3.015075376884422145e-09,9.145392868294286336e+18
3.165829145728642962e-09,9.520164156030588928e+18
3.316582914572864194e-09,9.883979448193189888e+18
3.467336683417085425e-09,1.023650119306426163e+19
3.618090452261306243e-09,1.057742366839860429e+19
3.768844221105527887e-09,1.090647609107616973e+19
3.919597989949748705e-09,1.122342542019036774e+19
4.070351758793969523e-09,1.152807880531687014e+19
4.221105527638191168e-09,1.182028563716662886e+19
4.371859296482411986e-09,1.209993916433150771e+19
4.522613065326632803e-09,1.236697764723386982e+19
4.673366834170854448e-09,1.262138502851545088e+19
4.824120603015075266e-09,1.286319110774797926e+19
4.974874371859296084e-09,1.309247121730113946e+19
5.125628140703517728e-09,1.330934540523664794e+19
5.276381909547738546e-09,1.351397713998185882e+19
5.427135678391959364e-09,1.370657156004888166e+19
5.577889447236181009e-09,1.388737329999248384e+19
5.728643216080401826e-09,1.405666393095122944e+19
5.879396984924622644e-09,1.421475906032125952e+19
6.030150753768844289e-09,1.436200514023341056e+19
6.180904522613065107e-09,1.449877603843862733e+19
6.331658291457285925e-09,1.462546942788385792e+19
6.482412060301507569e-09,1.474250305265236992e+19
6.633165829145728387e-09,1.485031092805549261e+19
6.783919597989949205e-09,1.494933953153978982e+19
6.934673366834170850e-09,1.504004403879293338e+19
7.085427135678391667e-09,1.512288465609777562e+19
7.236180904522612485e-09,1.519832309573067571e+19
7.386934673366834130e-09,1.526681923617578598e+19
7.537688442211055775e-09,1.532882800329921741e+19
7.688442211055276593e-09,1.538479650256647782e+19
7.839195979899497410e-09,1.543516142606914970e+19
7.989949748743718228e-09,1.548034675172381082e+19
8.140703517587939046e-09,1.552076174567954637e+19
8.291457286432159864e-09,1.555679927286910566e+19
8.442211055276382336e-09,1.558883441489622835e+19
8.592964824120603153e-09,1.561722338917733376e+19
8.743718592964823971e-09,1.564230275854329242e+19
8.894472361809044789e-09,1.566438891642076979e+19
9.045226130653265606e-09,1.568377782929841152e+19
9.195979899497486424e-09,1.570074501546223411e+19
9.346733668341708896e-09,1.571554573695793971e+19
9.497487437185929714e-09,1.572841538038587597e+19
9.648241206030150532e-09,1.573957000142333542e+19
9.798994974874371349e-09,1.574920700784837632e+19
9.949748743718592167e-09,1.575750595624907981e+19
1.010050251256281464e-08,1.576462943847560192e+19
1.025125628140703546e-08,1.577072403515325850e+19
1.040201005025125627e-08,1.577592131515161395e+19
1.055276381909547709e-08,1.578033886171846861e+19
1.070351758793969791e-08,1.578408130796880896e+19
1.085427135678391873e-08,1.578724136649865830e+19
1.100502512562814120e-08,1.578990084000923238e+19
1.115577889447236202e-08,1.579213160192547430e+19
1.130653266331658284e-08,1.579399653802532250e+19
1.145728643216080365e-08,1.579555044202492928e+19
1.160804020100502447e-08,1.579684085985967104e+19
1.175879396984924529e-08,1.579790887903749325e+19
1.190954773869346776e-08,1.579878986090663731e+19
1.206030150753768858e-08,1.579951411496416461e+19
1.221105527638190940e-08,1.580010751543389184e+19
1.236180904522613021e-08,1.580059206126507827e+19
1.251256281407035103e-08,1.580098638145337139e+19
1.266331658291457185e-08,1.580130618817475994e+19
1.281407035175879432e-08,1.580156468066386125e+19
1.296482412060301514e-08,1.580177290307497574e+19
1.311557788944723596e-08,1.580194005975465984e+19
1.326633165829145677e-08,1.580207379144290918e+19
1.341708542713567759e-08,1.580218041592326554e+19
1.356783919597989841e-08,1.580226513657632768e+19
1.371859296482412088e-08,1.580233222216843264e+19
1.386934673366834170e-08,1.580238516104364032e+19
1.402010050251256252e-08,1.580242679269219328e+19
1.417085427135678333e-08,1.580245941945366938e+19
1.432160804020100415e-08,1.580248490088691712e+19
1.447236180904522497e-08,1.580250473310871347e+19
1.462311557788944744e-08,1.580252011517468262e+19
1.477386934673366826e-08,1.580253200435522560e+19
1.492462311557788908e-08,1.580254116194772378e+19
1.507537688442211155e-08,1.580254819106892595e+19
1.522613065326633071e-08,1.580255356768758989e+19
1.537688442211055319e-08,1.580255766599032422e+19
1.552763819095477235e-08,1.580256077902135296e+19
1.567839195979899482e-08,1.580256313540148224e+19
1.582914572864321729e-08,1.580256491281058611e+19
1.597989949748743646e-08,1.580256624881204429e+19
1.613065326633165893e-08,1.580256724950499123e+19
1.628140703517587809e-08,1.580256799640992768e+19
1.643216080402010056e-08,1.580256855192485478e+19
1.658291457286431973e-08,1.580256896362971955e+19
1.673366834170854220e-08,1.580256926766800486e+19
1.688442211055276467e-08,1.580256949139169690e+19
1.703517587939698383e-08,1.580256965542157517e+19
1.718592964824120631e-08,1.580256977524489830e+19
1.733668341708542547e-08,1.580256986244965990e+19
1.748743718592964794e-08,1.580256992567350682e+19
1.763819095477387041e-08,1.580256997133077914e+19
1.778894472361808958e-08,1.580257000416676045e+19
1.793969849246231205e-08,1.580257002767887360e+19
1.809045226130653121e-08,1.580257004443506893e+19
1.824120603015075368e-08,1.580257005631379661e+19
1.839195979899497285e-08,1.580257006468402176e+19
1.854271356783919532e-08,1.580257007053958554e+19
1.869346733668341779e-08,1.580257007459938714e+19
1.884422110552763696e-08,1.580257007738143334e+19
1.899497487437185943e-08,1.580257007925762253e+19
1.914572864321607859e-08,1.580257008049391206e+19
1.929648241206030106e-08,1.580257008127984435e+19
1.944723618090452354e-08,1.580257008174996070e+19
1.959798994974874270e-08,1.580257008199938048e+19
1.974874371859296517e-08,1.580257008209519002e+19
1.989949748743718433e-08,1.580257008208440730e+19
2.005025125628140681e-08,1.580257008199998464e+19
2.020100502512562928e-08,1.580257008186483507e+19
2.035175879396984844e-08,1.580257008169487565e+19
2.050251256281407091e-08,1.580257008150113075e+19
2.065326633165829008e-08,1.580257008129117389e+19
2.080402010050251255e-08,1.580257008107021722e+19
2.095477386934673171e-08,1.580257008084182221e+19
2.110552763819095418e-08,1.580257008060842394e+19
2.125628140703517666e-08,1.580257008037165261e+19
2.140703517587939582e-08,1.580257008013263872e+19
2.155778894472361829e-08,1.580257007989211546e+19
2.170854271356783746e-08,1.580257007965058458e+19
2.185929648241205993e-08,1.580257007940840653e+19
2.201005025125628240e-08,1.580257007916579226e+19
2.216080402010050156e-08,1.580257007892288717e+19
2.231155778894472404e-08,1.580257007867981005e+19
2.246231155778894320e-08,1.580257007843659776e+19
2.261306532663316567e-08,1.580257007819332403e+19
2.276381909547738483e-08,1.580257007794998682e+19
2.291457286432160731e-08,1.580257007770661683e+19
2.306532663316582978e-08,1.580257007746323866e+19
2.321608040201004894e-08,1.580257007721981542e+19
2.336683417085427141e-08,1.580257007697640653e+19
2.351758793969849058e-08,1.580257007673297920e+19
2.366834170854271305e-08,1.580257007648955597e+19
2.381909547738693552e-08,1.580257007624613069e+19
2.396984924623115468e-08,1.580257007600270131e+19
2.412060301507537716e-08,1.580257007575925965e+19
2.427135678391959632e-08,1.580257007551583437e+19
2.442211055276381879e-08,1.580257007527238451e+19
2.457286432160804126e-08,1.580257007502895718e+19
2.472361809045226043e-08,1.580257007478550528e+19
2.487437185929648290e-08,1.580257007454206976e+19
2.502512562814070206e-08,1.580257007429862195e+19
2.517587939698492453e-08,1.580257007405518438e+19
2.532663316582914370e-08,1.580257007381174067e+19
2.547738693467336617e-08,1.580257007356829491e+19
2.562814070351758864e-08,1.580257007332486144e+19
2.577889447236180781e-08,1.580257007308140339e+19
2.592964824120603028e-08,1.580257007283796378e+19
2.608040201005024944e-08,1.580257007259450163e+19
2.623115577889447191e-08,1.580257007235106406e+19
2.638190954773869439e-08,1.580257007210760806e+19
2.653266331658291355e-08,1.580257007186417254e+19
2.668341708542713602e-08,1.580257007162071450e+19
2.683417085427135518e-08,1.580257007137726874e+19
2.698492462311557766e-08,1.580257007113381888e+19
2.713567839195979682e-08,1.580257007089036083e+19
2.728643216080401929e-08,1.580257007064690688e+19
2.743718592964824176e-08,1.580257007040345702e+19
2.758793969849246093e-08,1.580257007016000102e+19
2.773869346733668340e-08,1.580257006991655322e+19
2.788944723618090256e-08,1.580257006967309107e+19
2.804020100502512503e-08,1.580257006942963098e+19
2.819095477386934751e-08,1.580257006918617088e+19
2.834170854271356667e-08,1.580257006894271283e+19
2.849246231155778914e-08,1.580257006869925478e+19
2.864321608040200831e-08,1.580257006845580288e+19
2.879396984924623078e-08,1.580257006821233050e+19
2.894472361809044994e-08,1.580257006796888269e+19
2.909547738693467241e-08,1.580257006772542874e+19
2.924623115577889488e-08,1.580257006748196045e+19
2.939698492462311405e-08,1.580257006723849626e+19
2.954773869346733652e-08,1.580257006699504230e+19
2.969849246231155568e-08,1.580257006675157197e+19
2.984924623115577816e-08,1.580257006650812416e+19
2.999999999999999732e-08,1.580257006626465587e+19
3.993311036789297767e-08,1.580257005022298931e+19
4.986622073578595140e-08,1.580257003418126131e+19
5.979933110367892513e-08,1.580257001813945344e+19
6.973244147157189886e-08,1.580257000209758208e+19
7.966555183946487259e-08,1.580256998605562675e+19
8.959866220735785956e-08,1.580256997001360179e+19
9.953177257525084652e-08,1.580256995397150310e+19
1.094648829431438203e-07,1.580256993792932864e+19
1.193979933110367940e-07,1.580256992188707840e+19
1.293311036789297677e-07,1.580256990584474419e+19
1.392642140468227414e-07,1.580256988980234445e+19
1.491973244147157152e-07,1.580256987375987507e+19
1.591304347826087154e-07,1.580256985771732582e+19
1.690635451505016891e-07,1.580256984167471514e+19
1.789966555183946628e-07,1.580256982563202048e+19
1.889297658862876366e-07,1.580256980958925619e+19
1.988628762541806103e-07,1.580256979354641818e+19
2.087959866220735840e-07,1.580256977750351053e+19
2.187290969899665578e-07,1.580256976146052506e+19
2.286622073578595315e-07,1.580256974541748019e+19
2.385953177257525317e-07,1.580256972937433907e+19
2.485284280936455054e-07,1.580256971333114061e+19
2.584615384615384792e-07,1.580256969728786432e+19
2.683946488294314529e-07,1.580256968124451021e+19
2.783277591973244266e-07,1.580256966520109056e+19
2.882608695652174004e-07,1.580256964915758694e+19
2.981939799331103741e-07,1.580256963311401574e+19
3.081270903010033478e-07,1.580256961707036467e+19
3.180602006688963216e-07,1.580256960102664602e+19
3.279933110367892953e-07,1.580256958498285568e+19
3.379264214046822690e-07,1.580256956893899981e+19
3.478595317725752427e-07,1.580256955289506406e+19
3.577926421404682165e-07,1.580256953685107098e+19
3.677257525083611902e-07,1.580256952080700416e+19
3.776588628762541639e-07,1.580256950476286157e+19
3.875919732441471377e-07,1.580256948871865139e+19
3.975250836120401114e-07,1.580256947267435930e+19
4.074581939799330851e-07,1.580256945663000371e+19
4.173913043478260589e-07,1.580256944058557030e+19
4.273244147157190326e-07,1.580256942454105088e+19
4.372575250836120593e-07,1.580256940849647411e+19
4.471906354515050330e-07,1.580256939245180723e+19
4.571237458193980067e-07,1.580256937640708506e+19
4.670568561872909805e-07,1.580256936036228096e+19
4.769899665551840071e-07,1.580256934431741133e+19
4.869230769230769279e-07,1.580256932827245568e+19
4.968561872909699546e-07,1.580256931222743450e+19
5.067892976588628754e-07,1.580256929618234573e+19
5.167224080267559021e-07,1.580256928013717709e+19
5.266555183946489287e-07,1.580256926409193882e+19
5.365886287625418495e-07,1.580256924804661862e+19
5.465217391304348762e-07,1.580256923200124314e+19
5.564548494983277970e-07,1.580256921595577958e+19
5.663879598662208236e-07,1.580256919991025254e+19
5.763210702341137444e-07,1.580256918386465178e+19
5.862541806020067711e-07,1.580256916781896909e+19
5.961872909698996919e-07,1.580256915177322496e+19
6.061204013377927186e-07,1.580256913572740301e+19
6.160535117056856394e-07,1.580256911968150733e+19
6.259866220735786660e-07,1.580256910363553792e+19
6.359197324414715868e-07,1.580256908758948045e+19
6.458528428093646135e-07,1.580256907154335334e+19
6.557859531772575343e-07,1.580256905549714842e+19
6.657190635451505610e-07,1.580256903945088000e+19
6.756521739130435876e-07,1.580256902340452762e+19
6.855852842809365084e-07,1.580256900735810765e+19
6.955183946488295351e-07,1.580256899131161190e+19
7.054515050167224559e-07,1.580256897526503424e+19
7.153846153846154826e-07,1.580256895921838694e+19
7.253177257525084033e-07,1.580256894317166182e+19
7.352508361204014300e-07,1.580256892712486298e+19
7.451839464882943508e-07,1.580256891107798630e+19
7.551170568561873775e-07,1.580256889503104000e+19
7.650501672240802983e-07,1.580256887898400563e+19
7.749832775919733249e-07,1.580256886293691597e+19
7.849163879598662457e-07,1.580256884688973619e+19
7.948494983277592724e-07,1.580256883084249088e+19
8.047826086956521932e-07,1.580256881479516774e+19
8.147157190635452199e-07,1.580256879874778522e+19
8.246488294314381407e-07,1.580256878270031258e+19
8.345819397993311673e-07,1.580256876665278464e+19
8.445150501672241940e-07,1.580256875060516045e+19
8.544481605351171148e-07,1.580256873455747686e+19
8.643812709030101415e-07,1.580256871850972570e+19
8.743143812709030623e-07,1.580256870246189466e+19
8.842474916387960889e-07,1.580256868641400218e+19
8.941806020066890097e-07,1.580256867036601549e+19
9.041137123745820364e-07,1.580256865431797555e+19
9.140468227424749572e-07,1.580256863826983731e+19
9.239799331103679839e-07,1.580256862222164582e+19
9.339130434782609046e-07,1.580256860617337037e+19
9.438461538461539313e-07,1.580256859012503962e+19
9.537792642140467462e-07,1.580256857407661261e+19
9.637123745819397729e-07,1.580256855802813030e+19
9.736454849498327996e-07,1.580256854197956813e+19
9.835785953177258262e-07,1.580256852593093427e+19
9.935117056856186411e-07,1.580256850988221850e+19
1.003444816053511668e-06,1.580256849383342694e+19
1.013377926421404694e-06,1.580256847778456986e+19
1.023311036789297721e-06,1.580256846173564109e+19
1.033244147157190536e-06,1.580256844568663040e+19
1.043177257525083563e-06,1.580256842963755213e+19
1.053110367892976589e-06,1.580256841358839808e+19
1.063043478260869616e-06,1.580256839753917030e+19
1.072976588628762431e-06,1.580256838148986880e+19
1.082909698996655458e-06,1.580256836544049562e+19
1.092842809364548484e-06,1.580256834939104870e+19
1.102775919732441511e-06,1.580256833334151782e+19
1.112709030100334326e-06,1.580256831729192141e+19
1.122642140468227353e-06,1.580256830124225331e+19
1.132575250836120379e-06,1.580256828519250125e+19
1.142508361204013406e-06,1.580256826914268979e+19
1.152441471571906433e-06,1.580256825309279846e+19
1.162374581939799248e-06,1.580256823704284570e+19
1.172307692307692274e-06,1.580256822099282125e+19
1.182240802675585301e-06,1.580256820494271898e+19
1.192173913043478328e-06,1.580256818889254912e+19
1.202107023411371142e-06,1.580256817284230963e+19
1.212040133779264169e-06,1.580256815679200051e+19
1.221973244147157196e-06,1.580256814074160742e+19
1.231906354515050222e-06,1.580256812469115494e+19
1.241839464882943037e-06,1.580256810864062669e+19
1.251772575250836064e-06,1.580256809259001856e+19
1.261705685618729091e-06,1.580256807653934285e+19
1.271638795986622117e-06,1.580256806048858931e+19
1.281571906354514932e-06,1.580256804443775590e+19
1.291505016722407959e-06,1.580256802838685286e+19
1.301438127090300986e-06,1.580256801233588634e+19
1.311371237458194012e-06,1.580256799628483584e+19
1.321304347826087039e-06,1.580256798023371981e+19
1.331237458193979854e-06,1.580256796418251776e+19
1.341170568561872881e-06,1.580256794813124608e+19
1.351103678929765907e-06,1.580256793207990272e+19
1.361036789297658934e-06,1.580256791602848563e+19
1.370969899665551749e-06,1.580256789997698662e+19
1.380903010033444775e-06,1.580256788392543027e+19
1.390836120401337802e-06,1.580256786787378995e+19
1.400769230769230829e-06,1.580256785182207386e+19
1.410702341137123644e-06,1.580256783577028608e+19
1.420635451505016670e-06,1.580256781971841229e+19
1.430568561872909697e-06,1.580256780366647910e+19
1.440501672240802724e-06,1.580256778761445171e+19
1.450434782608695539e-06,1.580256777156236902e+19
1.460367892976588565e-06,1.580256775551020646e+19
1.470301003344481592e-06,1.580256773945797222e+19
1.480234113712374619e-06,1.580256772340567040e+19
1.490167224080267645e-06,1.580256770735328666e+19
1.500100334448160460e-06,1.580256769130083533e+19
1.510033444816053487e-06,1.580256767524830413e+19
1.519966555183946514e-06,1.580256765919571149e+19
1.529899665551839540e-06,1.580256764314304102e+19
1.539832775919732355e-06,1.580256762709028659e+19
1.549765886287625382e-06,1.580256761103748506e+19
1.559698996655518409e-06,1.580256759498458931e+19
1.569632107023411435e-06,1.580256757893162598e+19
1.579565217391304250e-06,1.580256756287859302e+19
1.589498327759197277e-06,1.580256754682549658e+19
1.599431438127090303e-06,1.580256753077230182e+19
1.609364548494983330e-06,1.580256751471905792e+19
1.619297658862876145e-06,1.580256749866571981e+19
1.629230769230769172e-06,1.580256748261231002e+19
1.639163879598662198e-06,1.580256746655883059e+19
1.649096989966555225e-06,1.580256745050526925e+19
1.659030100334448252e-06,1.580256743445163622e+19
1.668963210702341067e-06,1.580256741839792538e+19
1.678896321070234093e-06,1.580256740234414285e+19
1.688829431438127120e-06,1.580256738629029478e+19
1.698762541806020147e-06,1.580256737023634842e+19
1.708695652173912962e-06,1.580256735418235085e+19
1.718628762541805988e-06,1.580256733812826522e+19
1.728561872909699015e-06,1.580256732207411814e+19
1.738494983277592042e-06,1.580256730601988710e+19
1.748428093645484856e-06,1.580256728996559462e+19
1.758361204013377883e-06,1.580256727391122432e+19
1.768294314381270910e-06,1.580256725785678438e+19
1.778227424749163936e-06,1.580256724180225434e+19
1.788160535117056963e-06,1.580256722574766080e+19
1.798093645484949778e-06,1.580256720969300173e+19
1.808026755852842805e-06,1.580256719363825459e+19
1.817959866220735831e-06,1.580256717758345216e+19
1.827892976588628858e-06,1.580256716152856781e+19
1.837826086956521673e-06,1.580256714547361792e+19
1.847759197324414700e-06,1.580256712941859226e+19
1.857692307692307726e-06,1.580256711336349696e+19
1.867625418060200753e-06,1.580256709730831360e+19
1.877558528428093568e-06,1.580256708125306061e+19
1.887491638795986595e-06,1.580256706519773389e+19
1.897424749163879621e-06,1.580256704914233754e+19
1.907357859531772648e-06,1.580256703308685107e+19
1.917290969899665463e-06,1.580256701703129907e+19
1.927224080267558701e-06,1.580256700097566515e+19
1.937157190635451516e-06,1.580256698491995955e+19
1.947090301003344755e-06,1.580256696886418022e+19
1.957023411371237570e-06,1.580256695280832102e+19
1.966956521739130808e-06,1.580256693675238605e+19
1.976889632107023623e-06,1.580256692069636915e+19
1.986822742474916438e-06,1.580256690464028262e+19
1.996755852842809676e-06,1.580256688858413056e+19
2.006688963210702491e-06,1.580256687252790886e+19
2.016622073578595730e-06,1.580256685647160320e+19
2.026555183946488544e-06,1.580256684041523405e+19
2.036488294314381359e-06,1.580256682435878298e+19
2.046421404682274598e-06,1.580256680830225613e+19
2.056354515050167413e-06,1.580256679224566579e+19
2.066287625418060228e-06,1.580256677618899354e+19
2.076220735785953466e-06,1.580256676013225574e+19
2.086153846153846281e-06,1.580256674407544218e+19
2.096086956521739519e-06,1.580256672801856512e+19
2.106020066889632334e-06,1.580256671196159386e+19
2.115953177257525149e-06,1.580256669590457344e+19
2.125886287625418388e-06,1.580256667984746496e+19
2.135819397993311203e-06,1.580256666379028890e+19
2.145752508361204441e-06,1.580256664773304320e+19
2.155685618729097256e-06,1.580256663167571763e+19
2.165618729096990071e-06,1.580256661561831834e+19
2.175551839464883309e-06,1.580256659956085146e+19
2.185484949832776124e-06,1.580256658350330266e+19
2.195418060200668939e-06,1.580256656744570266e+19
2.205351170568562178e-06,1.580256655138800230e+19
2.215284280936454992e-06,1.580256653533025075e+19
2.225217391304348231e-06,1.580256651927241728e+19
2.235150501672241046e-06,1.580256650321450394e+19
2.245083612040133861e-06,1.580256648715652301e+19
2.255016722408027099e-06,1.580256647109846221e+19
2.264949832775919914e-06,1.580256645504033587e+19
2.274882943143813152e-06,1.580256643898211738e+19
2.284816053511705967e-06,1.580256642292383334e+19
2.294749163879598782e-06,1.580256640686547968e+19
2.304682274247492021e-06,1.580256639080703795e+19
2.314615384615384836e-06,1.580256637474854707e+19
2.324548494983277651e-06,1.580256635868995789e+19
2.334481605351170889e-06,1.580256634263129702e+19
2.344414715719063704e-06,1.580256632657258086e+19
2.354347826086956942e-06,1.580256631051377050e+19
2.364280936454849757e-06,1.580256629445490893e+19
2.374214046822742572e-06,1.580256627839595930e+19
2.384147157190635811e-06,1.580256626233695437e+19
2.394080267558528625e-06,1.580256624627786547e+19
2.404013377926421440e-06,1.580256623021870490e+19
2.413946488294314679e-06,1.580256621415947674e+19
2.423879598662207494e-06,1.580256619810016256e+19
2.433812709030100732e-06,1.580256618204078285e+19
2.443745819397993547e-06,1.580256616598134170e+19
2.453678929765886362e-06,1.580256614992181453e+19
2.463612040133779600e-06,1.580256613386221363e+19
2.473545150501672415e-06,1.580256611780254515e+19
2.483478260869565654e-06,1.580256610174281523e+19
2.493411371237458469e-06,1.580256608568300339e+19
2.503344481605351284e-06,1.580256606962313011e+19
2.513277591973244522e-06,1.580256605356316467e+19
2.523210702341137337e-06,1.580256603750313779e+19
2.533143812709030152e-06,1.580256602144304128e+19
2.543076923076923390e-06,1.580256600538286899e+19
2.553010033444816205e-06,1.580256598932263322e+19
2.562943143812709444e-06,1.580256597326231142e+19
2.572876254180602259e-06,1.580256595720192000e+19
2.582809364548495073e-06,1.580256594114145280e+19
2.592742474916388312e-06,1.580256592508091187e+19
2.602675585284281127e-06,1.580256590902029722e+19
2.612608695652174365e-06,1.580256589295961088e+19
2.622541806020067180e-06,1.580256587689884467e+19
2.632474916387959995e-06,1.580256586083800474e+19
2.642408026755853233e-06,1.580256584477709722e+19
2.652341137123746048e-06,1.580256582871610982e+19
2.662274247491638863e-06,1.580256581265505280e+19
2.672207357859532102e-06,1.580256579659392819e+19
2.682140468227424917e-06,1.580256578053273600e+19
2.692073578595318155e-06,1.580256576447146598e+19
2.702006688963210970e-06,1.580256574841011610e+19
2.711939799331103785e-06,1.580256573234870067e+19
2.721872909698997023e-06,1.580256571628719718e+19
2.731806020066889838e-06,1.580256570022562816e+19
2.741739130434783077e-06,1.580256568416398950e+19
2.751672240802675892e-06,1.580256566810225254e+19
2.761605351170568706e-06,1.580256565204046234e+19
2.771538461538461945e-06,1.580256563597858611e+19
2.781471571906354760e-06,1.580256561991663821e+19
2.791404682274247575e-06,1.580256560385461658e+19
2.801337792642140813e-06,1.580256558779252122e+19
2.811270903010033628e-06,1.580256557173035827e+19
2.821204013377926866e-06,1.580256555566811750e+19
2.831137123745819681e-06,1.580256553960579891e+19
2.841070234113712496e-06,1.580256552354341888e+19
2.851003344481605735e-06,1.580256550748096307e+19
2.860936454849498550e-06,1.580256549141843354e+19
2.870869565217391365e-06,1.580256547535582822e+19
2.880802675585284603e-06,1.580256545929314304e+19
2.890735785953177418e-06,1.580256544323039232e+19
2.900668896321070656e-06,1.580256542716756378e+19
2.910602006688963471e-06,1.580256541110466765e+19
2.920535117056856286e-06,1.580256539504169779e+19
2.930468227424749525e-06,1.580256537897864192e+19
2.940401337792642339e-06,1.580256536291553280e+19
2.950334448160535578e-06,1.580256534685233971e+19
2.960267558528428393e-06,1.580256533078907085e+19
2.970200668896321208e-06,1.580256531472573030e+19
2.980133779264214446e-06,1.580256529866232013e+19
2.990066889632107261e-06,1.580256528259882803e+19
3.000000000000000076e-06,1.580256526653527040e+19
3.313567839195979536e-05,1.580251619259548467e+19
6.327135678391959911e-05,1.580246642887598490e+19
9.340703517587938931e-05,1.580241596032191693e+19
1.235427135678391795e-04,1.580236477145213542e+19
1.536783919597989833e-04,1.580231284634455245e+19
1.838140703517587599e-04,1.580226016862085734e+19
2.139497487437185637e-04,1.580220672143063859e+19
2.440854271356783674e-04,1.580215248743483597e+19
2.742211055276381712e-04,1.580209744878855373e+19
3.043567839195980020e-04,1.580204158712314266e+19
3.344924623115577787e-04,1.580198488352750592e+19
3.646281407035175553e-04,1.580192731852869018e+19
3.947638190954773862e-04,1.580186887207162266e+19
4.248994974874371628e-04,1.580180952349797990e+19
4.550351758793969937e-04,1.580174925152423526e+19
4.851708542713567703e-04,1.580168803421862912e+19
5.153065326633165470e-04,1.580162584897733222e+19
5.454422110552762694e-04,1.580156267249940480e+19
5.755778894472361002e-04,1.580149848076082586e+19
6.057135678391959311e-04,1.580143324898725274e+19
6.358492462311556535e-04,1.580136695162566861e+19
6.659849246231154844e-04,1.580129956231475610e+19
6.961206030150753152e-04,1.580123105385392742e+19
7.262562814070350377e-04,1.580116139817103565e+19
7.563919597989948685e-04,1.580109056628853555e+19
7.865276381909546994e-04,1.580101852828821709e+19
8.166633165829145303e-04,1.580094525327423693e+19
8.467989949748742527e-04,1.580087070933456282e+19
8.769346733668340835e-04,1.580079486350052147e+19
9.070703517587939144e-04,1.580071768170456474e+19
9.372060301507536368e-04,1.580063912873601024e+19
9.673417085427134677e-04,1.580055916819477299e+19
9.974773869346731901e-04,1.580047776244277453e+19
1.027613065326633129e-03,1.580039487255322419e+19
1.057748743718592852e-03,1.580031045825728717e+19
1.087884422110552574e-03,1.580022447788836659e+19
1.118020100502512514e-03,1.580013688832351846e+19
1.148155778894472236e-03,1.580004764492215296e+19
1.178291457286431958e-03,1.579995670146159821e+19
1.208427135678391898e-03,1.579986401006957773e+19
1.238562814070351620e-03,1.579976952115330867e+19
1.268698492462311343e-03,1.579967318332498944e+19
1.298834170854271282e-03,1.579957494332363366e+19
1.328969849246231004e-03,1.579947474593284506e+19
1.359105527638190727e-03,1.579937253389448192e+19
1.389241206030150666e-03,1.579926824781778125e+19
1.419376884422110388e-03,1.579916182608390963e+19
1.449512562814070111e-03,1.579905320474545562e+19
1.479648241206030050e-03,1.579894231742059520e+19
1.509783919597989773e-03,1.579882909518187725e+19
1.539919597989949712e-03,1.579871346643882394e+19
1.570055276381909434e-03,1.579859535681448755e+19
1.600190954773869157e-03,1.579847468901519974e+19
1.630326633165829096e-03,1.579835138269333504e+19
1.660462311557788818e-03,1.579822535430250496e+19
1.690597989949748541e-03,1.579809651694486118e+19
1.720733668341708480e-03,1.579796478020985651e+19
1.750869346733668203e-03,1.579783005000401715e+19
1.781005025125627925e-03,1.579769222837125325e+19
1.811140703517587864e-03,1.579755121330279424e+19
1.841276381909547587e-03,1.579740689853646848e+19
1.871412060301507309e-03,1.579725917334433587e+19
1.901547738693467248e-03,1.579710792230808986e+19
1.931683417085426971e-03,1.579695302508124160e+19
1.961819095477386910e-03,1.579679435613760307e+19
1.991954773869346416e-03,1.579663178450450022e+19
2.022090452261306355e-03,1.579646517348047872e+19
2.052226130653266294e-03,1.579629438033565696e+19
2.082361809045225800e-03,1.579611925599436595e+19
2.112497487437185739e-03,1.579593964469798093e+19
2.142633165829145678e-03,1.579575538364738970e+19
2.172768844221105184e-03,1.579556630262315008e+19
2.202904522613065123e-03,1.579537222358192128e+19
2.233040201005025063e-03,1.579517296022752666e+19
2.263175879396984568e-03,1.579496831755496448e+19
2.293311557788944507e-03,1.579475809136495206e+19
2.323447236180904447e-03,1.579454206774750413e+19
2.353582914572863952e-03,1.579432002253189325e+19
2.383718592964823892e-03,1.579409172070042010e+19
2.413854271356783831e-03,1.579385691576377958e+19
2.443989949748743336e-03,1.579361534909468672e+19
2.474125628140703276e-03,1.579336674921678643e+19
2.504261306532663215e-03,1.579311083104558080e+19
2.534396984924622721e-03,1.579284729507754189e+19
2.564532663316582660e-03,1.579257582652338176e+19
2.594668341708542599e-03,1.579229609438129562e+19
2.624804020100502105e-03,1.579200775044538778e+19
2.654939698492462044e-03,1.579171042824406426e+19
2.685075376884421983e-03,1.579140374190297702e+19
2.715211055276381489e-03,1.579108728492637389e+19
2.745346733668341428e-03,1.579076062889014272e+19
2.775482412060301367e-03,1.579042332203944141e+19
2.805618090452260873e-03,1.579007488778314752e+19
2.835753768844220812e-03,1.578971482307616358e+19
2.865889447236180752e-03,1.578934259668055654e+19
2.896025125628140257e-03,1.578895764729516442e+19
2.926160804020100197e-03,1.578855938154218496e+19
2.956296482412060136e-03,1.578814717179880858e+19
2.986432160804020075e-03,1.578772035386014106e+19
3.016567839195979581e-03,1.578727822441869926e+19
3.046703517587939520e-03,1.578682003834418586e+19
3.076839195979899459e-03,1.578634500574580736e+19
3.106974874371858965e-03,1.578585228879743386e+19
3.137110552763818904e-03,1.578534099830392627e+19
3.167246231155778843e-03,1.578481018998506906e+19
3.197381909547738349e-03,1.578425886045069107e+19
3.227517587939698288e-03,1.578368594283819622e+19
3.257653266331658228e-03,1.578309030208048333e+19
3.287788944723617733e-03,1.578247072976908288e+19
3.317924623115577672e-03,1.578182593857344717e+19
3.348060301507537612e-03,1.578115455617303757e+19
3.378195979899497117e-03,1.578045511865474662e+19
3.408331658291457057e-03,1.577972606332200141e+19
3.438467336683416996e-03,1.577896572085702656e+19
3.468603015075376501e-03,1.577817230677061222e+19
3.498738693467336441e-03,1.577734391206633472e+19
3.528874371859296380e-03,1.577647849303830323e+19
3.559010050251255886e-03,1.577557386011169997e+19
3.589145728643215825e-03,1.577462766562531942e+19
3.619281407035175764e-03,1.577363739044311245e+19
3.649417085427135270e-03,1.577260032926863155e+19
3.679552763819095209e-03,1.577151357452119859e+19
3.709688442211055148e-03,1.577037399861517722e+19
3.739824120603014654e-03,1.576917823446509158e+19
3.769959798994974593e-03,1.576792265401641165e+19
3.800095477386934532e-03,1.576660334457804595e+19
3.830231155778894038e-03,1.576521608270321664e+19
3.860366834170853977e-03,1.576375630533385011e+19
3.890502512562813917e-03,1.576221907788646400e+19
3.920638190954774289e-03,1.576059905891581542e+19
3.950773869346733795e-03,1.575889046094425907e+19
3.980909547738693301e-03,1.575708700699021517e+19
4.011045226130653674e-03,1.575518188226574746e+19
4.041180904522613179e-03,1.575316768044138496e+19
4.071316582914572685e-03,1.575103634379273626e+19
4.101452261306533058e-03,1.574877909644811264e+19
4.131587939698492563e-03,1.574638636984545485e+19
4.161723618090452069e-03,1.574384771938002125e+19
4.191859296482412442e-03,1.574115173107578880e+19
4.221994974874371948e-03,1.573828591694344806e+19
4.252130653266331453e-03,1.573523659748849459e+19
4.282266331658291826e-03,1.573198876960269107e+19
4.312402010050251332e-03,1.572852595780287488e+19
4.342537688442210837e-03,1.572483004646743859e+19
4.372673366834171210e-03,1.572088109035411661e+19
4.402809045226130716e-03,1.571665710025269248e+19
4.432944723618090221e-03,1.571213380012277760e+19
4.463080402010050594e-03,1.570728435147359027e+19
4.493216080402010100e-03,1.570207904004486144e+19
4.523351758793969606e-03,1.569648491902417101e+19
4.553487437185929979e-03,1.569046540206099866e+19
4.583623115577889484e-03,1.568397979818327245e+19
4.613758793969848990e-03,1.567698277934966989e+19
4.643894472361809363e-03,1.566942376973809869e+19
4.674030150753768868e-03,1.566124624392195482e+19
4.704165829145728374e-03,1.565238691875585024e+19
4.734301507537688747e-03,1.564277482099914342e+19
4.764437185929648252e-03,1.563233020935028326e+19
4.794572864321607758e-03,1.562096332552218829e+19
4.824708542713568131e-03,1.560857294410879181e+19
4.854844221105527637e-03,1.559504468508264858e+19
4.884979899497487142e-03,1.558024904559170765e+19
4.915115577889447515e-03,1.556403909899199898e+19
4.945251256281407021e-03,1.554624779839732736e+19
4.975386934673366526e-03,1.552668480898379776e+19
5.005522613065326899e-03,1.550513277727505613e+19
5.035658291457286405e-03,1.548134292591862784e+19
5.065793969849245910e-03,1.545502983811412173e+19
5.095929648241206283e-03,1.542586526568467866e+19
5.126065326633165789e-03,1.539347075728269722e+19
5.156201005025125295e-03,1.535740885645374259e+19
5.186336683417085668e-03,1.531717256075603763e+19
5.216472361809045173e-03,1.527217265963774362e+19
5.246608040201004679e-03,1.522172247614367539e+19
5.276743718592965052e-03,1.516501942034477670e+19
5.306879396984924557e-03,1.510112261358570906e+19
5.337015075376884063e-03,1.502892565295174451e+19
5.367150753768844436e-03,1.494712334255114035e+19
5.397286432160803941e-03,1.485417090612734771e+19
5.427422110552763447e-03,1.474823379267307725e+19
5.457557788944723820e-03,1.462712566442314547e+19
5.487693467336683326e-03,1.448823147635606323e+19
5.517829145728642831e-03,1.432841166620762726e+19
5.547964824120603204e-03,1.414388230360934400e+19
5.578100502512562710e-03,1.393006450038062899e+19
5.608236180904522215e-03,1.368139432978506138e+19
5.638371859296482588e-03,1.339108175956906803e+19
5.668507537688442094e-03,1.305080342077042074e+19
5.698643216080401599e-03,1.265030906150980403e+19
5.728778894472361972e-03,1.217691478102926950e+19
5.758914572864321478e-03,1.161484691040732774e+19
5.789050251256280984e-03,1.094438771652097434e+19
5.819185929648241357e-03,1.014075654341734605e+19
5.849321608040200862e-03,9.172635535528000512e+18
5.879457286432161235e-03,8.000214755224718336e+18
5.909592964824120741e-03,6.572582989238504448e+18
5.939728643216080246e-03,4.824221457272602624e+18
5.969864321608040619e-03,2.670258508875545600e+18
6.000000000000000125e-03,-5.184884108721076927e+02
