x,t=steady
0.000000000000000000e+00,9.999999999999871250e+14
6.999999999999999816e-09,5.705119177021240800e+16
1.399999999999999963e-08,1.129901689422866880e+17
2.099999999999999945e-08,1.688169315162228480e+17
2.799999999999999926e-08,2.245314794920208960e+17
3.499999999999999577e-08,2.801338128696808960e+17
4.199999999999999889e-08,3.356239316492026880e+17
4.900000000000000202e-08,3.910018358305864320e+17
5.599999999999999852e-08,4.462675254138317440e+17
6.299999999999999503e-08,5.014210003989391360e+17
6.999999999999999154e-08,5.564622607859082880e+17
7.700000000000000128e-08,6.113913065747395840e+17
8.399999999999999779e-08,6.662081377654324480e+17
9.099999999999999429e-08,7.209127543579873280e+17
9.800000000000000404e-08,7.755051563524042240e+17
1.050000000000000005e-07,8.299853437486822400e+17
1.119999999999999970e-07,8.843533165468229120e+17
1.189999999999999936e-07,9.386090747468249600e+17
1.259999999999999901e-07,9.927526183486890240e+17
1.329999999999999866e-07,1.046783947352415104e+18
1.399999999999999831e-07,1.100703061758002560e+18
1.470000000000000061e-07,1.154509961565452032e+18
1.540000000000000026e-07,1.208204646774763520e+18
1.609999999999999991e-07,1.261787117385936896e+18
1.679999999999999956e-07,1.315257373398970368e+18
1.749999999999999921e-07,1.368615414813868032e+18
1.819999999999999886e-07,1.421861241630625792e+18
1.889999999999999851e-07,1.474994853849245952e+18
1.960000000000000081e-07,1.528016251469728000e+18
2.030000000000000046e-07,1.580925434492072192e+18
2.100000000000000011e-07,1.633722402916276736e+18
2.169999999999999976e-07,1.686407156742345216e+18
2.239999999999999941e-07,1.738979695970274048e+18
2.309999999999999906e-07,1.791440020600066048e+18
2.379999999999999871e-07,1.843788130631718656e+18
2.449999999999999836e-07,1.896024026065233152e+18
2.519999999999999801e-07,1.948147706900609792e+18
2.589999999999999766e-07,2.000159173137847552e+18
2.659999999999999731e-07,2.052058424776948736e+18
2.729999999999999696e-07,2.103845461817909760e+18
2.799999999999999662e-07,2.155520284260733952e+18
2.870000000000000156e-07,2.207082892105418752e+18
2.940000000000000121e-07,2.258533285351966208e+18
3.010000000000000086e-07,2.309871464000374784e+18
3.080000000000000051e-07,2.361097428050647040e+18
3.150000000000000016e-07,2.412211177502779904e+18
3.219999999999999981e-07,2.463212712356775424e+18
3.289999999999999946e-07,2.514102032612633088e+18
3.359999999999999911e-07,2.564879138270353408e+18
3.429999999999999877e-07,2.615544029329934848e+18
3.499999999999999842e-07,2.666096705791375872e+18
3.569999999999999807e-07,2.716537167654684160e+18
3.639999999999999772e-07,2.766865414919848448e+18
3.709999999999999737e-07,2.817081447586878464e+18
3.779999999999999702e-07,2.867185265655769088e+18
3.849999999999999667e-07,2.917176869126519808e+18
3.920000000000000161e-07,2.967056257999132160e+18
3.990000000000000126e-07,3.016823432273606144e+18
4.060000000000000092e-07,3.066478391949943296e+18
4.130000000000000057e-07,3.116021137028140032e+18
4.200000000000000022e-07,3.165451667508198400e+18
4.269999999999999987e-07,3.214769983390121472e+18
4.339999999999999952e-07,3.263976084673903104e+18
4.409999999999999917e-07,3.313069971359547392e+18
4.479999999999999882e-07,3.362051643447054336e+18
4.549999999999999847e-07,3.410921100936422912e+18
4.619999999999999812e-07,3.459678343827651584e+18
4.689999999999999777e-07,3.508323372120743936e+18
4.759999999999999742e-07,3.556856185815695360e+18
4.829999999999999707e-07,3.605276784912510976e+18
4.899999999999999672e-07,3.653585169411188736e+18
4.969999999999999637e-07,3.701781339311727104e+18
5.039999999999999603e-07,3.749865294614128128e+18
5.109999999999999568e-07,3.797837035318389760e+18
5.179999999999999533e-07,3.845696561424514048e+18
5.249999999999999498e-07,3.893443872932500480e+18
5.319999999999999463e-07,3.941078969842348032e+18
5.389999999999999428e-07,3.988601852154059264e+18
5.459999999999999393e-07,4.036012519867631616e+18
5.529999999999999358e-07,4.083310972983065088e+18
5.599999999999999323e-07,4.130497211500360192e+18
5.670000000000000347e-07,4.177571235419518464e+18
5.740000000000000312e-07,4.224533044740535808e+18
5.810000000000000277e-07,4.271382639463415808e+18
5.880000000000000242e-07,4.318120019588160000e+18
5.950000000000000207e-07,4.364745185114765312e+18
6.020000000000000172e-07,4.411258136043230720e+18
6.090000000000000137e-07,4.457658872373560320e+18
6.160000000000000102e-07,4.503947394105747968e+18
6.230000000000000067e-07,4.550123701239800832e+18
6.300000000000000033e-07,4.596187793775715328e+18
6.369999999999999998e-07,4.642139671713491968e+18
6.439999999999999963e-07,4.687979335053128704e+18
6.509999999999999928e-07,4.733706783794630656e+18
6.579999999999999893e-07,4.779322017937992704e+18
6.649999999999999858e-07,4.824825037483214848e+18
6.719999999999999823e-07,4.870215842430299136e+18
6.789999999999999788e-07,4.915494432779246592e+18
6.859999999999999753e-07,4.960660808530054144e+18
6.929999999999999718e-07,5.005714969682729984e+18
6.999999999999999683e-07,5.050656916237257728e+18
7.069999999999999648e-07,5.095486648193653760e+18
7.139999999999999613e-07,5.140204165551910912e+18
7.209999999999999578e-07,5.184809468312028160e+18
7.279999999999999544e-07,5.229302556474006528e+18
7.349999999999999509e-07,5.273683430037851136e+18
7.419999999999999474e-07,5.317952089003554816e+18
7.489999999999999439e-07,5.362108533371119616e+18
7.559999999999999404e-07,5.406152763140551680e+18
7.629999999999999369e-07,5.450084778311838720e+18
7.699999999999999334e-07,5.493904578884994048e+18
7.769999999999999299e-07,5.537612164860005376e+18
7.840000000000000323e-07,5.581207536236881920e+18
7.910000000000000288e-07,5.624690693015620608e+18
7.980000000000000253e-07,5.668061635196219392e+18
8.050000000000000218e-07,5.711320362778682368e+18
8.120000000000000183e-07,5.754466875763007488e+18
8.190000000000000148e-07,5.797501174149191680e+18
8.260000000000000113e-07,5.840423257937242112e+18
8.330000000000000078e-07,5.883233127127153664e+18
8.400000000000000043e-07,5.925930781718926336e+18
8.470000000000000008e-07,5.968516221712561152e+18
8.539999999999999974e-07,6.010989447108056064e+18
8.609999999999999939e-07,6.053350457905414144e+18
8.679999999999999904e-07,6.095599254104633344e+18
8.749999999999999869e-07,6.137735835705716736e+18
8.819999999999999834e-07,6.179760202708659200e+18
8.889999999999999799e-07,6.221672355113459712e+18
8.959999999999999764e-07,6.263472292920127488e+18
9.029999999999999729e-07,6.305160016128656384e+18
9.099999999999999694e-07,6.346735524739046400e+18
9.169999999999999659e-07,6.388198818751298560e+18
9.239999999999999624e-07,6.429549898165413888e+18
9.309999999999999589e-07,6.470788762981388288e+18
9.379999999999999554e-07,6.511915413199222784e+18
9.449999999999999519e-07,6.552929848818922496e+18
9.519999999999999484e-07,6.593832069840481280e+18
9.590000000000000508e-07,6.634622076263904256e+18
9.659999999999999415e-07,6.675299868089188352e+18
9.730000000000000438e-07,6.715865445316330496e+18
9.799999999999999345e-07,6.756318807945331712e+18
9.870000000000000369e-07,6.796659955976199168e+18
9.939999999999999275e-07,6.836888889408916480e+18
1.001000000000000030e-06,6.877005608243499008e+18
1.007999999999999921e-06,6.917010112479945728e+18
1.015000000000000023e-06,6.956902402118244352e+18
1.021999999999999914e-06,6.996682477158405120e+18
1.029000000000000016e-06,7.036350337600430080e+18
1.035999999999999907e-06,7.075905983444312064e+18
1.043000000000000009e-06,7.115349414690054144e+18
1.049999999999999900e-06,7.154680631337657344e+18
1.057000000000000002e-06,7.193899633387118592e+18
1.063999999999999893e-06,7.233006420838439936e+18
1.070999999999999995e-06,7.272000993691621376e+18
1.077999999999999886e-06,7.310883351946659840e+18
1.084999999999999988e-06,7.349653495603560448e+18
1.091999999999999879e-06,7.388311424662322176e+18
1.098999999999999981e-06,7.426857139122937856e+18
1.105999999999999872e-06,7.465290638985420800e+18
1.112999999999999974e-06,7.503611924249755648e+18
1.119999999999999865e-06,7.541820994915956736e+18
1.126999999999999967e-06,7.579917850984009728e+18
1.134000000000000069e-06,7.617902492453931008e+18
1.140999999999999960e-06,7.655774919325711360e+18
1.148000000000000062e-06,7.693535131599347712e+18
1.154999999999999953e-06,7.731183129274846208e+18
1.162000000000000055e-06,7.768718912352205824e+18
1.168999999999999946e-06,7.806142480831418368e+18
1.176000000000000048e-06,7.843453834712492032e+18
1.182999999999999939e-06,7.880652973995427840e+18
1.190000000000000041e-06,7.917739898680220672e+18
1.196999999999999932e-06,7.954714608766871552e+18
1.204000000000000034e-06,7.991577104255386624e+18
1.210999999999999925e-06,8.028327385145755648e+18
1.218000000000000027e-06,8.064965451437986816e+18
1.224999999999999918e-06,8.101491303132078080e+18
1.232000000000000020e-06,8.137904940228031488e+18
1.238999999999999911e-06,8.174206362725838848e+18
1.246000000000000013e-06,8.210395570625514496e+18
1.252999999999999904e-06,8.246472563927044096e+18
1.260000000000000007e-06,8.282437342630436864e+18
1.266999999999999897e-06,8.318289906735680512e+18
1.274000000000000000e-06,8.354030256242794496e+18
1.280999999999999890e-06,8.389658391151764480e+18
1.287999999999999993e-06,8.425174311462595584e+18
1.294999999999999883e-06,8.460578017175283712e+18
1.301999999999999986e-06,8.495869508289830912e+18
1.308999999999999876e-06,8.531048784806238208e+18
1.315999999999999979e-06,8.566115846724511744e+18
1.322999999999999869e-06,8.601070694044636160e+18
1.329999999999999972e-06,8.635913326766621696e+18
1.336999999999999862e-06,8.670643744890470400e+18
1.343999999999999965e-06,8.705261948416173056e+18
1.351000000000000067e-06,8.739767937343744000e+18
1.357999999999999958e-06,8.774161711673167872e+18
1.365000000000000060e-06,8.808443271404454912e+18
1.371999999999999951e-06,8.842612616537596928e+18
1.379000000000000053e-06,8.876669747072606208e+18
1.385999999999999944e-06,8.910614663009466368e+18
1.393000000000000046e-06,8.944447364348192768e+18
1.399999999999999937e-06,8.978167851088771072e+18
1.407000000000000039e-06,9.011776123231213568e+18
1.413999999999999930e-06,9.045272180775516160e+18
1.421000000000000032e-06,9.078656023721675776e+18
1.427999999999999923e-06,9.111927652069694464e+18
1.435000000000000025e-06,9.145087065819578368e+18
1.441999999999999916e-06,9.178134264971316224e+18
1.449000000000000018e-06,9.211069249524922368e+18
1.455999999999999909e-06,9.243892019480377344e+18
1.463000000000000011e-06,9.276602574837700608e+18
1.469999999999999902e-06,9.309200915596877824e+18
1.477000000000000004e-06,9.341687041757917184e+18
1.483999999999999895e-06,9.374060953320810496e+18
1.490999999999999997e-06,9.406322650285570048e+18
1.497999999999999888e-06,9.438472132652185600e+18
1.504999999999999990e-06,9.470509400420663296e+18
1.511999999999999881e-06,9.502434453590996992e+18
1.518999999999999983e-06,9.534247292163188736e+18
1.525999999999999874e-06,9.565947916137242624e+18
1.532999999999999976e-06,9.597536325513156608e+18
1.539999999999999867e-06,9.629012520290924544e+18
1.546999999999999969e-06,9.660376500470554624e+18
1.553999999999999860e-06,9.691628266052040704e+18
1.560999999999999962e-06,9.722767817035390976e+18
1.568000000000000065e-06,9.753795153420599296e+18
1.574999999999999955e-06,9.784710275207671808e+18
1.582000000000000058e-06,9.815513182396600320e+18
1.588999999999999948e-06,9.846203874987382784e+18
1.596000000000000051e-06,9.876782352980039680e+18
1.602999999999999941e-06,9.907248616374540288e+18
1.610000000000000044e-06,9.937602665170907136e+18
1.616999999999999934e-06,9.967844499369125888e+18
1.624000000000000037e-06,9.997974118969214976e+18
1.630999999999999927e-06,1.002799152397115187e+19
1.638000000000000030e-06,1.005789671437495910e+19
1.644999999999999920e-06,1.008768969018061824e+19
1.652000000000000023e-06,1.011737045138814771e+19
1.658999999999999913e-06,1.014693899799752090e+19
1.666000000000000016e-06,1.017639533000876442e+19
1.672999999999999906e-06,1.020573944742185984e+19
1.680000000000000009e-06,1.023497135023681946e+19
1.686999999999999899e-06,1.026409103845363712e+19
1.694000000000000002e-06,1.029309851207231898e+19
1.700999999999999892e-06,1.032199377109285069e+19
1.707999999999999995e-06,1.035077681551524454e+19
1.714999999999999885e-06,1.037944764533950054e+19
1.721999999999999988e-06,1.040800626056560640e+19
1.728999999999999878e-06,1.043645266119357645e+19
1.735999999999999981e-06,1.046478684722340454e+19
1.742999999999999871e-06,1.049300881865508454e+19
1.749999999999999974e-06,1.052111857548863283e+19
1.756999999999999864e-06,1.054911611772403302e+19
1.763999999999999967e-06,1.057700144536129741e+19
1.770999999999999857e-06,1.060477455840041370e+19
1.777999999999999960e-06,1.063243545684139827e+19
1.784999999999999850e-06,1.065998414068423270e+19
1.791999999999999953e-06,1.068742060992893338e+19
1.799000000000000055e-06,1.071474486457549210e+19
1.805999999999999946e-06,1.074195690462390886e+19
1.813000000000000048e-06,1.076905673007418778e+19
1.819999999999999939e-06,1.079604434092632064e+19
1.827000000000000041e-06,1.082291973718031770e+19
1.833999999999999932e-06,1.084968291883617075e+19
1.841000000000000034e-06,1.087633388589388390e+19
1.847999999999999925e-06,1.090287263835345510e+19
1.855000000000000027e-06,1.092929917621488230e+19
1.861999999999999918e-06,1.095561349947817165e+19
1.869000000000000020e-06,1.098181560814331699e+19
1.875999999999999911e-06,1.100790550221031219e+19
1.883000000000000013e-06,1.103388318167917978e+19
1.889999999999999904e-06,1.105974864654989312e+19
1.897000000000000006e-06,1.108550189682248090e+19
1.903999999999999897e-06,1.111114293249691238e+19
1.910999999999999999e-06,1.113667175357320806e+19
1.918000000000000102e-06,1.116208836005136998e+19
1.924999999999999781e-06,1.118739275193138790e+19
1.931999999999999883e-06,1.121258492921327002e+19
1.938999999999999985e-06,1.123766489189700608e+19
1.946000000000000088e-06,1.126263263998261658e+19
1.952999999999999767e-06,1.128748817347007693e+19
1.959999999999999869e-06,1.131223149235940762e+19
1.966999999999999971e-06,1.133686259665059635e+19
1.974000000000000074e-06,1.136138148634364518e+19
1.980999999999999753e-06,1.138578816143856026e+19
1.987999999999999855e-06,1.141008262193533338e+19
1.994999999999999957e-06,1.143426486783396864e+19
2.002000000000000060e-06,1.145833489913446605e+19
2.008999999999999739e-06,1.148229271583682560e+19
2.015999999999999841e-06,1.150613831794104320e+19
2.022999999999999943e-06,1.152987170544712294e+19
2.030000000000000046e-06,1.155349287835507302e+19
2.037000000000000148e-06,1.157700183666487091e+19
2.043999999999999827e-06,1.160039858037653709e+19
2.050999999999999929e-06,1.162368310949006950e+19
2.058000000000000032e-06,1.164685542400545792e+19
2.065000000000000134e-06,1.166991552392271462e+19
2.071999999999999813e-06,1.169286340924182528e+19
2.078999999999999915e-06,1.171569907996280422e+19
2.086000000000000018e-06,1.173842253608564326e+19
2.093000000000000120e-06,1.176103377761035264e+19
2.099999999999999799e-06,1.178353280453690982e+19
2.106999999999999901e-06,1.180591961686533734e+19
2.114000000000000004e-06,1.182819421459562701e+19
2.121000000000000106e-06,1.185035659772777472e+19
2.127999999999999785e-06,1.187240676626178662e+19
2.134999999999999888e-06,1.189434472019766477e+19
2.141999999999999990e-06,1.191617045953539686e+19
2.149000000000000092e-06,1.193788398427499315e+19
2.155999999999999771e-06,1.195948529441645568e+19
2.162999999999999874e-06,1.198097438995977216e+19
2.169999999999999976e-06,1.200235127090495488e+19
2.177000000000000078e-06,1.202361593725200179e+19
2.183999999999999757e-06,1.204476838900089446e+19
2.190999999999999860e-06,1.206580862615167795e+19
2.197999999999999962e-06,1.208673664870428877e+19
2.205000000000000064e-06,1.210755245665878221e+19
2.211999999999999743e-06,1.212825605001513370e+19
2.218999999999999846e-06,1.214884742877334733e+19
2.225999999999999948e-06,1.216932659293342106e+19
2.233000000000000050e-06,1.218969354249536307e+19
2.239999999999999729e-06,1.220994827745916314e+19
2.246999999999999832e-06,1.223009079782482125e+19
2.253999999999999934e-06,1.225012110359234560e+19
2.261000000000000036e-06,1.227003919476173414e+19
2.268000000000000139e-06,1.228984507133298074e+19
2.274999999999999818e-06,1.230953873330608742e+19
2.281999999999999920e-06,1.232912018068106240e+19
2.289000000000000022e-06,1.234858941345789338e+19
2.296000000000000125e-06,1.236794643163659059e+19
2.302999999999999804e-06,1.238719123521714381e+19
2.309999999999999906e-06,1.240632382419956531e+19
2.317000000000000008e-06,1.242534419858384282e+19
2.324000000000000111e-06,1.244425235836998451e+19
2.330999999999999790e-06,1.246304830355799040e+19
2.337999999999999892e-06,1.248173203414785229e+19
2.344999999999999994e-06,1.250030355013958861e+19
2.352000000000000097e-06,1.251876285153316864e+19
2.358999999999999776e-06,1.253710993832862720e+19
2.365999999999999878e-06,1.255534481052593971e+19
2.372999999999999980e-06,1.257346746812511437e+19
2.380000000000000083e-06,1.259147791112614707e+19
2.386999999999999762e-06,1.260937613952904806e+19
2.393999999999999864e-06,1.262716215333380915e+19
2.400999999999999967e-06,1.264483595254042624e+19
2.408000000000000069e-06,1.266239753714891366e+19
2.414999999999999748e-06,1.267984690715925504e+19
2.421999999999999850e-06,1.269718406257146061e+19
2.428999999999999953e-06,1.271440900338553446e+19
2.436000000000000055e-06,1.273152172960145818e+19
2.442999999999999734e-06,1.274852224121925837e+19
2.449999999999999836e-06,1.276541053823890637e+19
2.456999999999999939e-06,1.278218662066042266e+19
2.464000000000000041e-06,1.279885048848380518e+19
2.471000000000000143e-06,1.281540214170904166e+19
2.477999999999999822e-06,1.283184158033614438e+19
2.484999999999999925e-06,1.284816880436510720e+19
2.492000000000000027e-06,1.286438381379593216e+19
2.499000000000000129e-06,1.288048660862861722e+19
2.505999999999999808e-06,1.289647718886317056e+19
2.512999999999999911e-06,1.291235555449958400e+19
2.520000000000000013e-06,1.292812170553784934e+19
2.527000000000000115e-06,1.294377564197798502e+19
2.533999999999999794e-06,1.295931736381998285e+19
2.540999999999999897e-06,1.297474687106383667e+19
2.547999999999999999e-06,1.299006416370955878e+19
2.555000000000000101e-06,1.300526924175713280e+19
2.561999999999999780e-06,1.302036210520658330e+19
2.568999999999999883e-06,1.303534275405788365e+19
2.575999999999999985e-06,1.305021118831104819e+19
2.583000000000000087e-06,1.306496740796607898e+19
2.589999999999999766e-06,1.307961141302296986e+19
2.596999999999999869e-06,1.309414320348172493e+19
2.603999999999999971e-06,1.310856277934233190e+19
2.611000000000000073e-06,1.312287014060481536e+19
2.617999999999999752e-06,1.313706528726915277e+19
2.624999999999999855e-06,1.315114821933535437e+19
2.631999999999999957e-06,1.316511893680340992e+19
2.639000000000000060e-06,1.317897743967333990e+19
2.645999999999999738e-06,1.319272372794511770e+19
2.652999999999999841e-06,1.320635780161876582e+19
2.659999999999999943e-06,1.321987966069427200e+19
2.667000000000000046e-06,1.323328930517163213e+19
2.673999999999999724e-06,1.324658673505086669e+19
2.680999999999999827e-06,1.325977195033196134e+19
2.687999999999999929e-06,1.327284495101491200e+19
2.695000000000000032e-06,1.328580573709972890e+19
2.702000000000000134e-06,1.329865430858641203e+19
2.708999999999999813e-06,1.331139066547495322e+19
2.715999999999999915e-06,1.332401480776536064e+19
2.723000000000000018e-06,1.333652673545761792e+19
2.730000000000000120e-06,1.334892644855175168e+19
2.736999999999999799e-06,1.336121394704773325e+19
2.743999999999999901e-06,1.337338923094558925e+19
2.751000000000000004e-06,1.338545230024528282e+19
2.758000000000000106e-06,1.339740315494686515e+19
2.764999999999999785e-06,1.340924179505029325e+19
2.771999999999999887e-06,1.342096822055558349e+19
2.778999999999999990e-06,1.343258243146273792e+19
2.786000000000000092e-06,1.344408442777175654e+19
2.792999999999999771e-06,1.345547420948263117e+19
2.799999999999999873e-06,1.346675177659536998e+19
2.806999999999999976e-06,1.347791712910997299e+19
2.814000000000000078e-06,1.348897026702644634e+19
2.820999999999999757e-06,1.349991119034477158e+19
2.827999999999999859e-06,1.351073989906495898e+19
2.834999999999999962e-06,1.352145639318701466e+19
2.842000000000000064e-06,1.353206067271092634e+19
2.848999999999999743e-06,1.354255273763670835e+19
2.855999999999999845e-06,1.355293258796433613e+19
2.862999999999999948e-06,1.356320022369383424e+19
2.870000000000000050e-06,1.357335564482519654e+19
2.876999999999999729e-06,1.358339885135841894e+19
2.883999999999999831e-06,1.359332984329350554e+19
2.890999999999999934e-06,1.360314862063044403e+19
2.898000000000000036e-06,1.361285518336925901e+19
2.904999999999999715e-06,1.362244953150993203e+19
2.911999999999999817e-06,1.363193166505246515e+19
2.918999999999999920e-06,1.364130158399685837e+19
2.926000000000000022e-06,1.365055928834311782e+19
2.933000000000000125e-06,1.365970477809122714e+19
2.939999999999999803e-06,1.366873805324121293e+19
2.946999999999999906e-06,1.367765911379306086e+19
2.954000000000000008e-06,1.368646795974676070e+19
2.961000000000000111e-06,1.369516459110232678e+19
2.967999999999999789e-06,1.370374900785975501e+19
2.974999999999999892e-06,1.371222121001905152e+19
2.981999999999999994e-06,1.372058119758019174e+19
2.989000000000000097e-06,1.372882897054321254e+19
2.995999999999999775e-06,1.373696452890808115e+19
3.002999999999999878e-06,1.374498787267482624e+19
3.009999999999999980e-06,1.375289900184341094e+19
3.017000000000000083e-06,1.376069791641388032e+19
3.023999999999999762e-06,1.376838461638620160e+19
3.030999999999999864e-06,1.377595910176038502e+19
3.037999999999999966e-06,1.378342137253644083e+19
3.045000000000000069e-06,1.379077142871434240e+19
3.051999999999999748e-06,1.379800927029411226e+19
3.058999999999999850e-06,1.380513489727575040e+19
3.065999999999999952e-06,1.381214830965923840e+19
3.073000000000000055e-06,1.381904950744459469e+19
3.079999999999999734e-06,1.382583849063182541e+19
3.086999999999999836e-06,1.383251525922090189e+19
3.093999999999999938e-06,1.383907981321184870e+19
3.101000000000000041e-06,1.384553215260465562e+19
3.107999999999999720e-06,1.385187227739932467e+19
3.114999999999999822e-06,1.385810018759585997e+19
3.121999999999999924e-06,1.386421588319425741e+19
3.129000000000000027e-06,1.387021936419450470e+19
3.136000000000000129e-06,1.387611063059663258e+19
3.142999999999999808e-06,1.388188968240061645e+19
3.149999999999999910e-06,1.388755651960646042e+19
3.157000000000000013e-06,1.389311114221417062e+19
3.164000000000000115e-06,1.389855355022373888e+19
3.170999999999999794e-06,1.390388374363517952e+19
3.177999999999999896e-06,1.390910172244846592e+19
3.184999999999999999e-06,1.391420748666362470e+19
3.192000000000000101e-06,1.391920103628064358e+19
3.198999999999999780e-06,1.392408237129952870e+19
3.205999999999999882e-06,1.392885149172026573e+19
3.212999999999999985e-06,1.393350839754287718e+19
3.220000000000000087e-06,1.393805308876734054e+19
3.226999999999999766e-06,1.394248556539368448e+19
3.233999999999999868e-06,1.394680582742187827e+19
3.240999999999999971e-06,1.395101387485193421e+19
3.248000000000000073e-06,1.395510970768385434e+19
3.254999999999999752e-06,1.395909332591763251e+19
3.261999999999999855e-06,1.396296472955328922e+19
3.268999999999999957e-06,1.396672391859078554e+19
3.276000000000000059e-06,1.397037089303016858e+19
3.282999999999999738e-06,1.397390565287139123e+19
3.289999999999999841e-06,1.397732819811448832e+19
3.296999999999999943e-06,1.398063852875944346e+19
3.304000000000000045e-06,1.398383664480626893e+19
3.310999999999999724e-06,1.398692254625495245e+19
3.317999999999999827e-06,1.398989623310549402e+19
3.324999999999999929e-06,1.399275770535790182e+19
3.332000000000000031e-06,1.399550696301217382e+19
3.338999999999999710e-06,1.399814400606830592e+19
3.345999999999999813e-06,1.400066883452630221e+19
3.352999999999999915e-06,1.400308144838614426e+19
3.360000000000000017e-06,1.400538184764786893e+19
3.367000000000000120e-06,1.400757003231143322e+19
3.373999999999999799e-06,1.400964600237688422e+19
3.380999999999999901e-06,1.401160975784417894e+19
3.388000000000000003e-06,1.401346129871333990e+19
3.395000000000000106e-06,1.401520062498436710e+19
3.401999999999999785e-06,1.401682773665724211e+19
3.408999999999999887e-06,1.401834263373199974e+19
3.415999999999999989e-06,1.401974531620860109e+19
3.423000000000000092e-06,1.402103578408708506e+19
3.429999999999999771e-06,1.402221403736741888e+19
3.436999999999999873e-06,1.402328007604961280e+19
3.443999999999999975e-06,1.402423390013366682e+19
3.451000000000000078e-06,1.402507550961958912e+19
3.457999999999999757e-06,1.402580490450736947e+19
3.464999999999999859e-06,1.402642208479700992e+19
3.471999999999999961e-06,1.402692705048851661e+19
3.479000000000000064e-06,1.402731980158188544e+19
3.485999999999999743e-06,1.402760033807711846e+19
3.492999999999999845e-06,1.402776865997421158e+19
3.499999999999999947e-06,1.402782476727316275e+19
3.507000000000000050e-06,1.402776865997398630e+19
3.513999999999999729e-06,1.402760033807666586e+19
3.520999999999999831e-06,1.402731980158121165e+19
3.527999999999999934e-06,1.402692705048760730e+19
3.535000000000000036e-06,1.402642208479587738e+19
3.541999999999999715e-06,1.402580490450600755e+19
3.548999999999999817e-06,1.402507550961800602e+19
3.555999999999999920e-06,1.402423390013184819e+19
3.563000000000000022e-06,1.402328007604757504e+19
3.569999999999999701e-06,1.402221403736514560e+19
3.576999999999999803e-06,1.402103578408459059e+19
3.583999999999999906e-06,1.401974531620589158e+19
3.591000000000000008e-06,1.401834263372905062e+19
3.598000000000000110e-06,1.401682773665407590e+19
3.604999999999999789e-06,1.401520062498096947e+19
3.611999999999999892e-06,1.401346129870971699e+19
3.618999999999999994e-06,1.401160975784032666e+19
3.626000000000000096e-06,1.400964600237281075e+19
3.632999999999999775e-06,1.400757003230714266e+19
3.639999999999999878e-06,1.400538184764333056e+19
3.646999999999999980e-06,1.400308144838138880e+19
3.654000000000000082e-06,1.400066883452130304e+19
3.660999999999999761e-06,1.399814400606308147e+19
3.667999999999999864e-06,1.399550696300672410e+19
3.674999999999999966e-06,1.399275770535222272e+19
3.682000000000000068e-06,1.398989623309959373e+19
3.688999999999999747e-06,1.398692254624881459e+19
3.695999999999999850e-06,1.398383664479991194e+19
3.702999999999999952e-06,1.398063852875285094e+19
3.710000000000000054e-06,1.397732819810767462e+19
3.716999999999999733e-06,1.397390565286435021e+19
3.723999999999999836e-06,1.397037089302288998e+19
3.730999999999999938e-06,1.396672391858329190e+19
3.738000000000000040e-06,1.396296472954554982e+19
3.744999999999999719e-06,1.395909332590968013e+19
3.751999999999999822e-06,1.395510970767566438e+19
3.758999999999999924e-06,1.395101387484351693e+19
3.766000000000000027e-06,1.394680582741323571e+19
3.772999999999999705e-06,1.394248556538481459e+19
3.779999999999999808e-06,1.393805308875825971e+19
3.786999999999999910e-06,1.393350839753356083e+19
3.794000000000000013e-06,1.392885149171073024e+19
3.800999999999999691e-06,1.392408237128976589e+19
3.807999999999999794e-06,1.391920103627065958e+19
3.814999999999999896e-06,1.391420748665341542e+19
3.821999999999999999e-06,1.390910172243802931e+19
3.829000000000000101e-06,1.390388374362451149e+19
3.836000000000000203e-06,1.389855355021285786e+19
3.843000000000000306e-06,1.389311114220305613e+19
3.849999999999999561e-06,1.388755651959513293e+19
3.856999999999999663e-06,1.388188968238906163e+19
3.863999999999999766e-06,1.387611063058485658e+19
3.870999999999999868e-06,1.387021936418250957e+19
3.877999999999999971e-06,1.386421588318202266e+19
3.885000000000000073e-06,1.385810018758340403e+19
3.892000000000000175e-06,1.385187227738664141e+19
3.899000000000000278e-06,1.384553215259174912e+19
3.905999999999999533e-06,1.383907981319871488e+19
3.912999999999999636e-06,1.383251525920754483e+19
3.919999999999999738e-06,1.382583849061824512e+19
3.926999999999999840e-06,1.381904950743079322e+19
3.933999999999999943e-06,1.381214830964520346e+19
3.941000000000000045e-06,1.380513489726148608e+19
3.948000000000000147e-06,1.379800927027961856e+19
3.955000000000000250e-06,1.379077142869962752e+19
3.961999999999999505e-06,1.378342137252149658e+19
3.968999999999999608e-06,1.377595910174522982e+19
3.975999999999999710e-06,1.376838461637082522e+19
3.982999999999999812e-06,1.376069791639827866e+19
3.989999999999999915e-06,1.375289900182759629e+19
3.997000000000000017e-06,1.374498787265876992e+19
4.004000000000000120e-06,1.373696452889180774e+19
4.011000000000000222e-06,1.372882897052670362e+19
4.017999999999999477e-06,1.372058119756347392e+19
4.024999999999999580e-06,1.371222121000209203e+19
4.031999999999999682e-06,1.370374900784259482e+19
4.038999999999999784e-06,1.369516459108494131e+19
4.045999999999999887e-06,1.368646795972915814e+19
4.052999999999999989e-06,1.367765911377522278e+19
4.060000000000000092e-06,1.366873805322316595e+19
4.067000000000000194e-06,1.365970477807295898e+19
4.074000000000000296e-06,1.365055928832461005e+19
4.080999999999999552e-06,1.364130158397814784e+19
4.087999999999999654e-06,1.363193166503353139e+19
4.094999999999999756e-06,1.362244953149078733e+19
4.101999999999999859e-06,1.361285518334989926e+19
4.108999999999999961e-06,1.360314862061087334e+19
4.116000000000000064e-06,1.359332984327371776e+19
4.123000000000000166e-06,1.358339885133841203e+19
4.130000000000000268e-06,1.357335564480497664e+19
4.136999999999999524e-06,1.356320022367339930e+19
4.143999999999999626e-06,1.355293258794368819e+19
4.150999999999999729e-06,1.354255273761584333e+19
4.157999999999999831e-06,1.353206067268984422e+19
4.164999999999999933e-06,1.352145639316572160e+19
4.172000000000000036e-06,1.351073989904344678e+19
4.179000000000000138e-06,1.349991119032304230e+19
4.186000000000000240e-06,1.348897026700450406e+19
4.192999999999999496e-06,1.347791712908782182e+19
4.199999999999999598e-06,1.346675177657300378e+19
4.206999999999999701e-06,1.345547420946005606e+19
4.213999999999999803e-06,1.344408442774896230e+19
4.220999999999999905e-06,1.343258243143973274e+19
4.228000000000000008e-06,1.342096822053236531e+19
4.235000000000000110e-06,1.340924179502685389e+19
4.242000000000000212e-06,1.339740315492321690e+19
4.248999999999999468e-06,1.338545230022142976e+19
4.255999999999999570e-06,1.337338923092151706e+19
4.262999999999999673e-06,1.336121394702346035e+19
4.269999999999999775e-06,1.334892644852727194e+19
4.276999999999999877e-06,1.333652673543294157e+19
4.283999999999999980e-06,1.332401480774047130e+19
4.291000000000000082e-06,1.331139066544986726e+19
4.298000000000000185e-06,1.329865430856112333e+19
4.305000000000000287e-06,1.328580573707424563e+19
4.311999999999999542e-06,1.327284495098923418e+19
4.318999999999999645e-06,1.325977195030608282e+19
4.325999999999999747e-06,1.324658673502479770e+19
4.332999999999999849e-06,1.323328930514537472e+19
4.339999999999999952e-06,1.321987966066781389e+19
4.347000000000000054e-06,1.320635780159211315e+19
4.354000000000000157e-06,1.319272372791828275e+19
4.361000000000000259e-06,1.317897743964630016e+19
4.367999999999999514e-06,1.316511893677620019e+19
4.374999999999999617e-06,1.315114821930794394e+19
4.381999999999999719e-06,1.313706528724155597e+19
4.388999999999999822e-06,1.312287014057703219e+19
4.395999999999999924e-06,1.310856277931436646e+19
4.403000000000000026e-06,1.309414320345355878e+19
4.410000000000000129e-06,1.307961141299461939e+19
4.417000000000000231e-06,1.306496740793753190e+19
4.423999999999999486e-06,1.305021118828232294e+19
4.430999999999999589e-06,1.303534275402896589e+19
4.437999999999999691e-06,1.302036210517748326e+19
4.444999999999999794e-06,1.300526924172785050e+19
4.451999999999999896e-06,1.299006416368009011e+19
4.458999999999999998e-06,1.297474687103418368e+19
4.466000000000000101e-06,1.295931736379014144e+19
4.473000000000000203e-06,1.294377564194796134e+19
4.479999999999999458e-06,1.292812170550765363e+19
4.486999999999999561e-06,1.291235555446919987e+19
4.493999999999999663e-06,1.289647718883261850e+19
4.500999999999999766e-06,1.288048660859788288e+19
4.507999999999999868e-06,1.286438381376503398e+19
4.514999999999999970e-06,1.284816880433402266e+19
4.522000000000000073e-06,1.283184158030488166e+19
4.529000000000000175e-06,1.281540214167761101e+19
4.536000000000000278e-06,1.279885048845218816e+19
4.542999999999999533e-06,1.278218662062864179e+19
4.549999999999999635e-06,1.276541053820695757e+19
4.556999999999999738e-06,1.274852224118713958e+19
4.563999999999999840e-06,1.273152172956917760e+19
4.570999999999999942e-06,1.271440900335307571e+19
4.578000000000000045e-06,1.269718406253884826e+19
4.585000000000000147e-06,1.267984690712646861e+19
4.592000000000000250e-06,1.266239753711596544e+19
4.598999999999999505e-06,1.264483595250731827e+19
4.605999999999999607e-06,1.262716215330053939e+19
4.612999999999999710e-06,1.260937613949561651e+19
4.619999999999999812e-06,1.259147791109254758e+19
4.626999999999999914e-06,1.257346746809135309e+19
4.634000000000000017e-06,1.255534481049202074e+19
4.641000000000000119e-06,1.253710993829453619e+19
4.648000000000000222e-06,1.251876285149892608e+19
4.654999999999999477e-06,1.250030355010518426e+19
4.661999999999999579e-06,1.248173203411329434e+19
4.668999999999999682e-06,1.246304830352327270e+19
4.675999999999999784e-06,1.244425235833510912e+19
4.682999999999999887e-06,1.242534419854880358e+19
4.689999999999999989e-06,1.240632382416436429e+19
4.697000000000000091e-06,1.238719123518178509e+19
4.704000000000000194e-06,1.236794643160107213e+19
4.711000000000000296e-06,1.234858941342220902e+19
4.717999999999999551e-06,1.232912018064522445e+19
4.724999999999999654e-06,1.230953873327008563e+19
4.731999999999999756e-06,1.228984507129682330e+19
4.738999999999999859e-06,1.227003919472541082e+19
4.745999999999999961e-06,1.225012110355586458e+19
4.753000000000000063e-06,1.223009079778818253e+19
4.760000000000000166e-06,1.220994827742236467e+19
4.767000000000000268e-06,1.218969354245840282e+19
4.773999999999999524e-06,1.216932659289631539e+19
4.780999999999999626e-06,1.214884742873607168e+19
4.787999999999999728e-06,1.212825604997771059e+19
4.794999999999999831e-06,1.210755245662120550e+19
4.801999999999999933e-06,1.208673664866655642e+19
4.809000000000000035e-06,1.206580862611378176e+19
4.816000000000000138e-06,1.204476838896285696e+19
4.823000000000000240e-06,1.202361593721379226e+19
4.829999999999999496e-06,1.200235127086661222e+19
4.836999999999999598e-06,1.198097438992127386e+19
4.843999999999999700e-06,1.195948529437781197e+19
4.850999999999999803e-06,1.193788398423620198e+19
4.857999999999999905e-06,1.191617045949646438e+19
4.865000000000000007e-06,1.189434472015857869e+19
4.872000000000000110e-06,1.187240676622255718e+19
4.879000000000000212e-06,1.185035659768840602e+19
4.885999999999999468e-06,1.182819421455611494e+19
4.892999999999999570e-06,1.180591961682568397e+19
4.899999999999999672e-06,1.178353280449712128e+19
4.906999999999999775e-06,1.176103377757041869e+19
4.913999999999999877e-06,1.173842253604557210e+19
4.920999999999999980e-06,1.171569907992259584e+19
4.928000000000000082e-06,1.169286340920147558e+19
4.935000000000000184e-06,1.166991552388222362e+19
4.942000000000000287e-06,1.164685542396481946e+19
4.948999999999999542e-06,1.162368310944929382e+19
4.955999999999999644e-06,1.160039858033561805e+19
4.962999999999999747e-06,1.157700183662381261e+19
4.969999999999999849e-06,1.155349287831386931e+19
4.976999999999999952e-06,1.152987170540578202e+19
4.984000000000000054e-06,1.150613831789955482e+19
4.991000000000000156e-06,1.148229271579519795e+19
4.998000000000000259e-06,1.145833489909268890e+19
5.004999999999999514e-06,1.143426486779206042e+19
5.011999999999999616e-06,1.141008262189327770e+19
5.018999999999999719e-06,1.138578816139636941e+19
5.025999999999999821e-06,1.136138148630131507e+19
5.032999999999999924e-06,1.133686259660812493e+19
5.040000000000000026e-06,1.131223149231679488e+19
5.047000000000000128e-06,1.128748817342733107e+19
5.054000000000000231e-06,1.126263263993972941e+19
5.060999999999999486e-06,1.123766489185398374e+19
5.067999999999999589e-06,1.121258492917010637e+19
5.074999999999999691e-06,1.118739275188809114e+19
5.081999999999999793e-06,1.116208836000793805e+19
5.088999999999999896e-06,1.113667175352964506e+19
5.095999999999999998e-06,1.111114293245321216e+19
5.103000000000000100e-06,1.108550189677864346e+19
5.110000000000000203e-06,1.105974864650592666e+19
5.116999999999999458e-06,1.103388318163509862e+19
5.123999999999999561e-06,1.100790550216611021e+19
5.130999999999999663e-06,1.098181560809899622e+19
5.137999999999999765e-06,1.095561349943373210e+19
5.144999999999999868e-06,1.092929917617034650e+19
5.151999999999999970e-06,1.090287263830880870e+19
5.159000000000000073e-06,1.087633388584913920e+19
5.166000000000000175e-06,1.084968291879132774e+19
5.173000000000000277e-06,1.082291973713538458e+19
5.179999999999999533e-06,1.079604434088130355e+19
5.186999999999999635e-06,1.076905673002909286e+19
5.193999999999999737e-06,1.074195690457873613e+19
5.200999999999999840e-06,1.071474486453023949e+19
5.207999999999999942e-06,1.068742060988360909e+19
5.215000000000000045e-06,1.065998414063883469e+19
5.222000000000000147e-06,1.063243545679593062e+19
5.229000000000000249e-06,1.060477455835487846e+19
5.235999999999999505e-06,1.057700144531569869e+19
5.242999999999999607e-06,1.054911611767836877e+19
5.249999999999999709e-06,1.052111857544291328e+19
5.256999999999999812e-06,1.049300881860930765e+19
5.263999999999999914e-06,1.046478684717756826e+19
5.271000000000000017e-06,1.043645266114769101e+19
5.278000000000000119e-06,1.040800626051967181e+19
5.285000000000000221e-06,1.037944764529352090e+19
5.291999999999999477e-06,1.035077681546923418e+19
5.298999999999999579e-06,1.032199377104680141e+19
5.305999999999999682e-06,1.029309851202623898e+19
5.312999999999999784e-06,1.026409103840753459e+19
5.319999999999999886e-06,1.023497135019069440e+19
5.326999999999999989e-06,1.020573944737572045e+19
5.334000000000000091e-06,1.017639532996259840e+19
5.341000000000000193e-06,1.014693899795134669e+19
5.347999999999999449e-06,1.011737045134196326e+19
5.354999999999999551e-06,1.008768969013442970e+19
5.361999999999999654e-06,1.005789671432877056e+19
5.368999999999999756e-06,1.002799152392496333e+19
5.375999999999999858e-06,9.997974118923032576e+18
5.382999999999999961e-06,9.967844499322947584e+18
5.390000000000000063e-06,9.937602665124730880e+18
5.397000000000000166e-06,9.907248616328376320e+18
5.404000000000000268e-06,9.876782352933875712e+18
5.410999999999999523e-06,9.846203874941253632e+18
5.417999999999999626e-06,9.815513182350481408e+18
5.424999999999999728e-06,9.784710275161575424e+18
5.431999999999999830e-06,9.753795153374529536e+18
5.438999999999999933e-06,9.722767816989345792e+18
5.446000000000000035e-06,9.691628266006020096e+18
5.453000000000000138e-06,9.660376500424558592e+18
5.460000000000000240e-06,9.629012520244961280e+18
5.466999999999999495e-06,9.597536325467228160e+18
5.473999999999999598e-06,9.565947916091359232e+18
5.480999999999999700e-06,9.534247292117348352e+18
5.487999999999999802e-06,9.502434453545201664e+18
5.494999999999999905e-06,9.470509400374913024e+18
5.502000000000000007e-06,9.438472132606490624e+18
5.509000000000000110e-06,9.406322650239924224e+18
5.516000000000000212e-06,9.374060953275224064e+18
5.522999999999999467e-06,9.341687041712392192e+18
5.529999999999999570e-06,9.309200915551418368e+18
5.536999999999999672e-06,9.276602574792304640e+18
5.543999999999999775e-06,9.243892019435057152e+18
5.550999999999999877e-06,9.211069249479668736e+18
5.557999999999999979e-06,9.178134264926139392e+18
5.565000000000000082e-06,9.145087065774473216e+18
5.572000000000000184e-06,9.111927652024665088e+18
5.578999999999999439e-06,9.078656023676731392e+18
5.585999999999999542e-06,9.045272180730646528e+18
5.592999999999999644e-06,9.011776123186433024e+18
5.599999999999999747e-06,8.978167851044070400e+18
5.606999999999999849e-06,8.944447364303579136e+18
5.613999999999999951e-06,8.910614662964941824e+18
5.621000000000000054e-06,8.876669747028174848e+18
5.628000000000000156e-06,8.842612616493264896e+18
5.635000000000000259e-06,8.808443271360212992e+18
5.641999999999999514e-06,8.774161711629039616e+18
5.648999999999999616e-06,8.739767937299713024e+18
5.655999999999999719e-06,8.705261948372258816e+18
5.662999999999999821e-06,8.670643744846656512e+18
5.669999999999999923e-06,8.635913326722917376e+18
5.677000000000000026e-06,8.601070694001048576e+18
5.684000000000000128e-06,8.566115846681028608e+18
5.691000000000000231e-06,8.531048784762874880e+18
5.697999999999999486e-06,8.495869508246591488e+18
5.704999999999999588e-06,8.460578017132167168e+18
5.711999999999999691e-06,8.425174311419603968e+18
5.718999999999999793e-06,8.389658391108900864e+18
5.725999999999999895e-06,8.354030256200056832e+18
5.732999999999999998e-06,8.318289906693078016e+18
5.740000000000000100e-06,8.282437342587958272e+18
5.747000000000000203e-06,8.246472563884697600e+18
5.753999999999999458e-06,8.210395570583312384e+18
5.760999999999999560e-06,8.174206362683780096e+18
5.767999999999999663e-06,8.137904940186108928e+18
5.774999999999999765e-06,8.101491303090309120e+18
5.781999999999999868e-06,8.064965451396357120e+18
5.788999999999999970e-06,8.028327385104276480e+18
5.796000000000000072e-06,7.991577104214048768e+18
5.803000000000000175e-06,7.954714608725685248e+18
5.809999999999999430e-06,7.917739898639195136e+18
5.816999999999999532e-06,7.880652973954553856e+18
5.823999999999999635e-06,7.843453834671775744e+18
5.830999999999999737e-06,7.806142480790861824e+18
5.837999999999999840e-06,7.768718912311808000e+18
5.844999999999999942e-06,7.731183129234612224e+18
5.852000000000000044e-06,7.693535131559282688e+18
5.859000000000000147e-06,7.655774919285815296e+18
5.866000000000000249e-06,7.617902492414209024e+18
5.872999999999999504e-06,7.579917850944473088e+18
5.879999999999999607e-06,7.541820994876591104e+18
5.886999999999999709e-06,7.503611924210575360e+18
5.893999999999999812e-06,7.465290638946418688e+18
5.900999999999999914e-06,7.426857139084125184e+18
5.908000000000000016e-06,7.388311424623692800e+18
5.915000000000000119e-06,7.349653495565122560e+18
5.922000000000000221e-06,7.310883351908411392e+18
5.928999999999999477e-06,7.272000993653571584e+18
5.935999999999999579e-06,7.233006420800584704e+18
5.942999999999999681e-06,7.193899633349464064e+18
5.949999999999999784e-06,7.154680631300201472e+18
5.956999999999999886e-06,7.115349414652806144e+18
5.963999999999999988e-06,7.075905983407266816e+18
5.971000000000000091e-06,7.036350337563594752e+18
5.978000000000000193e-06,6.996682477121780736e+18
5.984999999999999449e-06,6.956902402081836032e+18
5.991999999999999551e-06,6.917010112443749376e+18
5.998999999999999653e-06,6.877005608207525888e+18
6.005999999999999756e-06,6.836888889373164544e+18
6.012999999999999858e-06,6.796659955940661248e+18
6.019999999999999961e-06,6.756318807910020096e+18
6.027000000000000063e-06,6.715865445281245184e+18
6.034000000000000165e-06,6.675299868054328320e+18
6.040999999999999421e-06,6.634622076229279744e+18
6.047999999999999523e-06,6.593832069806093312e+18
6.054999999999999625e-06,6.552929848784763904e+18
6.061999999999999728e-06,6.511915413165301760e+18
6.068999999999999830e-06,6.470788762947698688e+18
6.075999999999999933e-06,6.429549898131959808e+18
6.083000000000000035e-06,6.388198818718081024e+18
6.090000000000000137e-06,6.346735524706064384e+18
6.097000000000000240e-06,6.305160016095907840e+18
6.103999999999999495e-06,6.263472292887625728e+18
6.110999999999999597e-06,6.221672355081194496e+18
6.117999999999999700e-06,6.179760202676627456e+18
6.124999999999999802e-06,6.137735835673923584e+18
6.131999999999999905e-06,6.095599254073077760e+18
6.139000000000000007e-06,6.053350457874100224e+18
6.146000000000000109e-06,6.010989447076980736e+18
6.153000000000000212e-06,5.968516221681723392e+18
6.159999999999999467e-06,5.925930781688337408e+18
6.166999999999999570e-06,5.883233127096804352e+18
6.173999999999999672e-06,5.840423257907144704e+18
6.180999999999999774e-06,5.797501174119332864e+18
6.187999999999999877e-06,5.754466875733393408e+18
6.194999999999999979e-06,5.711320362749308928e+18
6.202000000000000081e-06,5.668061635167090688e+18
6.209000000000000184e-06,5.624690692986730496e+18
6.215999999999999439e-06,5.581207536208246784e+18
6.222999999999999542e-06,5.537612164831611904e+18
6.229999999999999644e-06,5.493904578856846336e+18
6.236999999999999746e-06,5.450084778283939840e+18
6.243999999999999849e-06,5.406152763112896512e+18
6.250999999999999951e-06,5.362108533343712256e+18
6.258000000000000054e-06,5.317952088976389120e+18
6.265000000000000156e-06,5.273683430010933248e+18
6.272000000000000258e-06,5.229302556447331328e+18
6.278999999999999514e-06,5.184809468285607936e+18
6.285999999999999616e-06,5.140204165525734400e+18
6.292999999999999718e-06,5.095486648167728128e+18
6.299999999999999821e-06,5.050656916211578880e+18
6.306999999999999923e-06,5.005714969657293824e+18
6.314000000000000026e-06,4.960660808504872960e+18
6.321000000000000128e-06,4.915494432754309120e+18
6.328000000000000230e-06,4.870215842405610496e+18
6.334999999999999486e-06,4.824825037458778112e+18
6.341999999999999588e-06,4.779322017913800704e+18
6.348999999999999690e-06,4.733706783770689536e+18
6.355999999999999793e-06,4.687979335029438464e+18
6.362999999999999895e-06,4.642139671690051584e+18
6.369999999999999998e-06,4.596187793752526336e+18
6.377000000000000100e-06,4.550123701216862720e+18
6.384000000000000202e-06,4.503947394083061248e+18
6.390999999999999458e-06,4.457658872351129088e+18
6.397999999999999560e-06,4.411258136021051392e+18
6.404999999999999663e-06,4.364745185092837888e+18
6.411999999999999765e-06,4.318120019566483456e+18
6.418999999999999867e-06,4.271382639441990656e+18
6.425999999999999970e-06,4.224533044719361536e+18
6.433000000000000072e-06,4.177571235398593024e+18
6.440000000000000174e-06,4.130497211479686144e+18
6.446999999999999430e-06,4.083310972962649088e+18
6.453999999999999532e-06,4.036012519847468544e+18
6.460999999999999635e-06,3.988601852134149632e+18
6.467999999999999737e-06,3.941078969822693888e+18
6.474999999999999839e-06,3.893443872913096192e+18
6.481999999999999942e-06,3.845696561405365248e+18
6.489000000000000044e-06,3.797837035299488256e+18
6.496000000000000147e-06,3.749865294595481600e+18
6.503000000000000249e-06,3.701781339293330432e+18
6.509999999999999504e-06,3.653585169393050112e+18
6.516999999999999607e-06,3.605276784894625792e+18
6.523999999999999709e-06,3.556856185798063104e+18
6.530999999999999811e-06,3.508323372103359488e+18
6.537999999999999914e-06,3.459678343810521088e+18
6.545000000000000016e-06,3.410921100919544320e+18
6.552000000000000119e-06,3.362051643430428672e+18
6.559000000000000221e-06,3.313069971343176192e+18
6.565999999999999476e-06,3.263976084657793024e+18
6.572999999999999579e-06,3.214769983374264320e+18
6.579999999999999681e-06,3.165451667492601344e+18
6.586999999999999783e-06,3.116021137012796928e+18
6.593999999999999886e-06,3.066478391934853632e+18
6.600999999999999988e-06,3.016823432258774528e+18
6.608000000000000091e-06,2.967056257984555520e+18
6.615000000000000193e-06,2.917176869112199680e+18
6.621999999999999448e-06,2.867185265641710080e+18
6.628999999999999551e-06,2.817081447573077504e+18
6.635999999999999653e-06,2.766865414906307584e+18
6.642999999999999756e-06,2.716537167641397248e+18
6.649999999999999858e-06,2.666096705778351616e+18
6.656999999999999960e-06,2.615544029317165568e+18
6.664000000000000063e-06,2.564879138257841664e+18
6.671000000000000165e-06,2.514102032600378880e+18
6.677999999999999420e-06,2.463212712344787456e+18
6.684999999999999523e-06,2.412211177491048448e+18
6.691999999999999625e-06,2.361097428039174656e+18
6.698999999999999728e-06,2.309871463989160960e+18
6.705999999999999830e-06,2.258533285341009408e+18
6.712999999999999932e-06,2.207082892094720512e+18
6.720000000000000035e-06,2.155520284250292992e+18
6.727000000000000137e-06,2.103845461807727104e+18
6.734000000000000239e-06,2.052058424767023104e+18
6.740999999999999495e-06,2.000159173128188416e+18
6.747999999999999597e-06,1.948147706891208448e+18
6.754999999999999700e-06,1.896024026056091392e+18
6.761999999999999802e-06,1.843788130622836480e+18
6.768999999999999904e-06,1.791440020591441920e+18
6.776000000000000007e-06,1.738979695961909504e+18
6.783000000000000109e-06,1.686407156734240256e+18
6.790000000000000212e-06,1.633722402908431872e+18
6.796999999999999467e-06,1.580925434484491776e+18
6.803999999999999569e-06,1.528016251462406656e+18
6.810999999999999672e-06,1.474994853842185216e+18
6.817999999999999774e-06,1.421861241623823616e+18
6.824999999999999876e-06,1.368615414807325440e+18
6.831999999999999979e-06,1.315257373392688384e+18
6.839000000000000081e-06,1.261787117379913216e+18
6.846000000000000184e-06,1.208204646768999680e+18
6.852999999999999439e-06,1.154509961559955456e+18
6.859999999999999541e-06,1.100703061752765568e+18
6.866999999999999644e-06,1.046783947347438848e+18
6.873999999999999746e-06,9.927526183439740160e+17
6.880999999999999848e-06,9.386090747423704320e+17
6.887999999999999951e-06,8.843533165426291200e+17
6.895000000000000053e-06,8.299853437447496960e+17
6.902000000000000156e-06,7.755051563487320320e+17
6.908999999999999411e-06,7.209127543545827840e+17
6.915999999999999513e-06,6.662081377622895360e+17
6.922999999999999616e-06,6.113913065718577920e+17
6.929999999999999718e-06,5.564622607832880640e+17
6.936999999999999821e-06,5.014210003965801600e+17
6.943999999999999923e-06,4.462675254117338880e+17
6.951000000000000025e-06,3.910018358287497600e+17
6.958000000000000128e-06,3.356239316476272640e+17
6.965000000000000230e-06,2.801338128683669120e+17
6.971999999999999485e-06,2.245314794909751040e+17
6.978999999999999588e-06,1.688169315154385280e+17
6.985999999999999690e-06,1.129901689417638400e+17
6.992999999999999793e-06,5.705119176995097600e+16
6.999999999999999895e-06,9.999999999999935000e+14
